0 0 1
0 1 0
1 0 1
1 1 1
2 0 0
2 1 0
2 5 0
3 0 0
3 1 0
3 2 0
4 0 0
4 1 0
4 5 0
5 0 0
5 1 0
5 5 1
5 6 0
5 7 0
6 0 0
6 1 0
6 6 0
7 0 1
7 1 0
7 6 0
8 0 1
8 1 0
8 6 0
9 0 0
9 1 0
10 0 0
10 1 0
11 0 0
11 1 0
11 4 0
11 5 0
11 6 0
12 0 3
12 1 3
12 6 2
13 0 0
13 1 0
13 3 0
14 0 0
14 1 0
14 3 0
14 6 0
15 0 1
15 1 0
15 6 0
16 0 0
16 1 0
16 2 0
16 3 0
16 6 0
16 9 0
17 0 1
17 1 0
17 5 0
17 6 1
18 0 1
18 1 1
18 6 0
19 0 0
19 1 0
19 3 0
19 7 0
20 0 0
20 1 0
20 6 0
20 9 1
21 0 0
21 1 0
21 3 0
22 0 0
22 1 0
23 0 0
23 1 0
24 0 0
24 1 0
24 3 1
25 0 1
25 1 2
25 6 1
26 0 0
26 1 0
26 6 0
26 7 0
27 0 1
27 1 1
28 0 0
28 1 0
28 6 0
29 0 0
29 1 0
29 6 0
30 0 0
30 1 0
30 3 0
31 0 0
31 1 0
31 3 0
32 0 0
32 1 0
32 6 0
33 0 1
33 1 2
33 6 2
34 0 0
34 1 0
34 3 0
35 0 0
35 1 0
35 6 0
35 7 0
36 0 0
36 1 0
37 0 0
37 1 0
37 3 0
38 0 2
38 1 0
38 6 2
39 0 0
39 1 0
39 6 0
40 0 1
40 1 1
40 6 2
41 0 0
41 1 0
41 3 1
41 6 2
42 0 0
42 1 0
42 6 0
42 7 0
43 0 0
43 1 0
43 3 0
44 0 1
44 1 1
44 6 0
45 0 0
45 1 0
45 2 0
45 6 0
46 0 0
46 1 0
46 6 0
47 0 0
47 1 0
48 0 0
48 1 0
48 6 0
49 0 0
49 1 0
50 0 1
50 1 0
50 2 2
51 0 0
51 1 0
51 3 1
51 6 2
52 0 1
52 1 1
53 0 0
53 1 0
53 6 0
54 0 1
54 1 0
54 6 0
55 0 0
55 1 0
55 4 0
55 5 1
55 6 0
56 0 0
56 1 0
56 3 1
56 6 1
57 0 2
57 1 0
57 2 1
58 0 0
58 1 0
59 0 0
59 1 0
59 6 1
60 0 0
60 1 0
60 6 0
61 0 0
61 1 0
61 2 1
61 6 0
62 0 0
62 1 0
62 6 0
63 0 0
63 1 0
63 3 0
63 6 0
63 7 0
64 0 0
64 1 0
65 0 0
65 1 0
65 6 0
66 0 1
66 1 0
66 6 2
67 0 1
67 1 0
67 5 2
67 6 0
68 0 0
68 1 0
68 5 0
69 0 0
69 1 0
69 5 0
69 6 0
70 0 0
70 1 0
70 6 0
71 0 1
71 1 1
71 3 0
71 6 0
72 0 0
72 1 0
72 3 0
73 0 0
73 1 0
74 0 0
74 1 0
74 3 0
75 0 1
75 1 0
75 5 1
75 6 1
76 0 2
76 1 0
77 0 1
77 1 0
78 0 1
78 1 0
79 0 0
79 1 0
79 6 0
80 0 0
80 1 0
80 6 0
81 0 0
81 1 0
81 7 2
82 0 0
82 1 0
83 0 0
83 1 0
84 0 0
84 1 0
85 0 0
85 1 1
85 6 1
85 7 0
85 8 1
86 0 1
86 1 0
86 6 1
86 7 0
87 0 1
87 1 2
87 6 2
87 7 2
88 0 0
88 1 0
89 0 0
89 1 0
90 0 0
90 1 0
91 0 0
91 1 0
91 3 0
92 0 0
92 1 0
93 0 1
93 1 0
93 3 1
94 0 0
94 1 1
94 2 2
94 7 3
95 0 1
95 1 0
95 3 1
96 0 1
96 1 0
96 6 1
97 0 1
97 1 0
97 3 0
98 0 0
98 1 0
98 2 1
99 0 1
99 1 0
99 6 1
99 8 0
100 0 0
100 1 0
101 0 0
101 1 0
101 6 1
102 0 0
102 1 2
102 2 2
103 0 0
103 1 0
103 6 0
103 8 0
104 0 0
104 1 0
104 6 0
105 0 1
105 1 0
105 6 0
106 0 0
106 1 0
106 3 0
107 0 0
107 1 0
108 0 1
108 1 0
109 0 0
109 1 0
109 5 1
109 6 0
110 0 0
110 1 0
111 0 0
111 1 0
112 0 1
112 1 1
113 0 0
113 1 4
114 0 0
114 1 0
114 6 0
115 0 0
115 1 0
115 2 0
115 3 0
116 0 0
116 1 0
117 0 0
117 1 0
118 0 0
118 1 0
119 0 0
119 1 0
119 3 0
119 5 1
120 0 0
120 1 0
120 3 0
121 0 0
121 1 0
122 0 1
122 1 0
123 0 1
123 1 0
123 6 0
124 0 0
124 1 0
124 2 3
125 0 1
125 1 0
126 0 0
126 1 0
127 0 0
127 1 0
128 0 1
128 1 0
128 5 1
129 0 0
129 1 0
130 0 0
130 1 0
131 0 0
131 1 0
132 0 0
132 1 0
133 0 0
133 1 0
133 6 1
134 0 0
134 1 0
134 3 0
134 7 0
135 0 0
135 1 0
135 2 0
135 3 0
136 0 0
136 1 0
136 3 1
137 0 0
137 1 0
137 2 0
137 6 0
137 7 0
138 0 0
138 1 0
138 5 0
139 0 2
139 1 0
139 6 0
140 0 1
140 1 2
141 0 0
141 1 0
141 2 0
141 6 1
142 0 1
142 1 0
142 6 1
143 0 0
143 1 0
144 0 1
144 1 0
144 6 3
145 0 1
145 1 0
146 0 0
146 1 0
146 6 0
147 0 0
147 1 0
148 0 1
148 1 2
148 2 1
149 0 0
149 1 0
149 6 0
150 0 1
150 1 0
151 0 0
151 1 0
152 0 0
152 1 0
152 6 0
153 0 0
153 1 0
153 4 0
153 6 1
154 0 1
154 1 0
155 0 0
155 1 0
155 5 0
156 0 0
156 1 0
156 6 0
156 9 0
157 0 0
157 1 0
158 0 0
158 1 0
159 0 0
159 1 0
160 0 0
160 1 0
160 5 2
160 6 2
161 0 0
161 1 0
162 0 1
162 1 0
162 6 1
163 0 0
163 1 0
163 3 0
163 5 0
164 0 0
164 1 0
164 5 0
164 6 0
165 0 0
165 1 0
166 0 0
166 1 0
166 3 0
166 5 1
166 6 1
167 0 1
167 1 0
167 3 1
167 6 0
168 0 0
168 1 0
168 6 0
169 0 1
169 1 0
169 4 0
169 6 1
169 7 1
169 9 0
170 0 1
170 1 0
170 3 1
170 6 2
171 0 0
171 1 0
171 6 0
172 0 0
172 1 0
172 4 0
172 6 2
173 0 0
173 1 0
173 7 0
173 9 0
174 0 0
174 1 0
174 6 0
175 0 1
175 1 2
175 6 4
176 0 0
176 1 0
177 0 1
177 1 0
178 0 0
178 1 0
178 3 0
179 0 0
179 1 0
179 3 0
179 6 0
180 0 1
180 1 0
180 2 1
181 0 0
181 1 0
181 3 0
181 7 1
182 0 0
182 1 0
182 6 0
183 0 0
183 1 0
183 2 0
183 5 0
183 6 0
184 0 1
184 1 0
184 6 1
185 0 0
185 1 0
185 6 0
186 0 0
186 1 0
186 7 0
187 0 1
187 1 2
187 7 0
188 0 0
188 1 0
188 6 0
189 0 0
189 1 0
189 5 2
189 6 0
190 0 1
190 1 1
190 7 0
191 0 1
191 1 0
191 3 3
191 6 1
191 7 3
192 0 0
192 1 3
192 6 1
193 0 1
193 1 2
194 0 0
194 1 0
194 3 1
195 0 4
195 1 0
195 6 3
195 7 3
196 0 1
196 1 0
196 3 0
197 0 0
197 1 0
198 0 1
198 1 0
199 0 1
199 1 0
199 6 1
200 0 0
200 1 0
200 5 0
201 0 0
201 1 0
201 6 0
202 0 0
202 1 1
203 0 0
203 1 0
203 3 0
204 0 1
204 1 0
204 3 0
205 0 1
205 1 0
205 6 0
206 0 0
206 1 0
206 6 0
206 7 0
207 0 0
207 1 0
207 4 0
207 6 0
208 0 0
208 1 0
208 6 0
209 0 1
209 1 0
209 6 1
209 8 1
210 0 1
210 1 0
211 0 0
211 1 3
211 6 1
212 0 1
212 1 0
212 5 2
213 0 1
213 1 0
213 6 1
213 7 1
214 0 0
214 1 0
215 0 1
215 1 1
215 7 3
216 0 0
216 1 0
217 0 1
217 1 1
217 6 1
218 0 1
218 1 0
218 7 2
218 8 3
219 0 0
219 1 0
219 3 0
219 4 0
220 0 0
220 1 0
221 0 1
221 1 0
221 6 1
222 0 1
222 1 0
222 2 0
223 0 0
223 1 0
223 5 1
223 6 0
224 0 0
224 1 0
225 0 1
225 1 0
225 2 3
225 6 1
226 0 0
226 1 0
226 7 0
227 0 0
227 1 0
228 0 0
228 1 0
228 6 0
229 0 0
229 1 0
229 6 1
230 0 0
230 1 0
230 9 0
231 0 0
231 1 0
232 0 0
232 1 0
232 2 0
232 7 0
233 0 0
233 1 0
233 6 0
234 0 1
234 1 0
235 0 1
235 1 0
235 5 0
236 0 0
236 1 0
237 0 0
237 1 0
237 8 0
238 0 0
238 1 0
238 3 2
238 6 0
239 0 0
239 1 0
240 0 0
240 1 0
241 0 2
241 1 1
242 0 2
242 1 1
243 0 0
243 1 0
243 3 0
244 0 1
244 1 1
244 6 1
245 0 0
245 1 0
245 5 1
246 0 3
246 1 1
246 5 2
247 0 0
247 1 0
247 2 1
247 6 1
248 0 0
248 1 0
249 0 0
249 1 1
250 0 0
250 1 0
250 6 0
251 0 0
251 1 0
252 0 0
252 1 0
252 7 0
253 0 0
253 1 0
253 3 0
253 5 0
253 9 0
254 0 1
254 1 0
254 3 1
255 0 1
255 1 1
255 3 1
255 6 1
256 0 1
256 1 0
256 3 1
256 4 1
256 7 1
257 0 1
257 1 0
257 6 0
258 0 1
258 1 0
258 6 1
258 7 1
259 0 0
259 1 0
260 0 1
260 1 0
260 6 0
260 9 0
261 0 0
261 1 0
262 0 0
262 1 0
262 7 2
263 0 0
263 1 0
263 3 0
263 4 0
263 5 1
263 6 0
263 7 0
264 0 0
264 1 0
264 3 0
264 4 0
264 7 0
265 0 0
265 1 1
266 0 0
266 1 0
266 6 0
267 0 0
267 1 0
267 3 0
267 5 0
268 0 2
268 1 0
268 3 2
268 6 4
269 0 0
269 1 0
269 2 0
269 6 0
270 0 1
270 1 0
270 6 1
271 0 0
271 1 0
271 6 0
272 0 0
272 1 0
272 3 0
273 0 0
273 1 0
273 3 0
274 0 2
274 1 0
274 6 2
275 0 0
275 1 0
276 0 0
276 1 0
276 7 1
277 0 0
277 1 0
277 3 0
278 0 1
278 1 3
278 2 4
279 0 0
279 1 0
279 3 0
279 6 0
280 0 0
280 1 0
281 0 0
281 1 0
281 3 0
281 9 0
282 0 0
282 1 0
282 3 0
283 0 0
283 1 0
283 6 0
283 7 0
284 0 1
284 1 0
285 0 0
285 1 0
285 2 1
285 5 0
285 6 0
286 0 0
286 1 0
286 2 2
286 3 0
286 4 0
286 6 0
286 7 0
286 9 0
287 0 0
287 1 0
288 0 0
288 1 0
289 0 0
289 1 0
290 0 1
290 1 0
290 3 0
291 0 0
291 1 0
292 0 0
292 1 0
293 0 0
293 1 0
294 0 0
294 1 0
295 0 0
295 1 0
295 6 0
296 0 0
296 1 0
296 6 1
297 0 1
297 1 1
297 3 1
298 0 0
298 1 0
298 3 0
299 0 0
299 1 0
299 9 0
300 0 0
300 1 0
300 6 0
300 7 1
301 0 1
301 1 1
302 0 0
302 1 0
302 2 0
302 6 0
302 7 0
303 0 0
303 1 0
304 0 0
304 1 0
304 2 2
304 6 0
305 0 0
305 1 0
305 5 0
306 0 0
306 1 0
306 6 0
307 0 0
307 1 0
308 0 0
308 1 0
308 6 0
309 0 0
309 1 0
309 6 0
310 0 0
310 1 0
311 0 0
311 1 0
312 0 1
312 1 0
312 3 0
312 6 0
313 0 0
313 1 0
313 6 1
314 0 3
314 1 2
315 0 0
315 1 0
315 6 0
316 0 0
316 1 0
316 5 0
316 6 0
317 0 0
317 1 1
317 3 2
317 4 3
317 7 1
317 9 2
318 0 0
318 1 0
319 0 0
319 1 0
320 0 0
320 1 0
320 6 0
321 0 0
321 1 0
321 3 0
322 0 0
322 1 0
322 3 0
322 6 0
323 0 1
323 1 0
323 5 0
324 0 0
324 1 0
324 6 1
324 8 0
325 0 0
325 1 0
325 6 0
326 0 0
326 1 0
326 6 0
327 0 0
327 1 0
327 6 0
328 0 0
328 1 0
328 6 1
329 0 1
329 1 4
329 6 4
329 8 4
330 0 0
330 1 0
330 6 1
331 0 0
331 1 0
332 0 0
332 1 0
333 0 0
333 1 0
333 5 0
334 0 0
334 1 0
335 0 1
335 1 0
335 5 1
336 0 0
336 1 0
336 5 1
336 6 0
337 0 0
337 1 0
337 2 0
337 5 0
338 0 1
338 1 0
339 0 1
339 1 0
339 2 1
340 0 2
340 1 1
341 0 1
341 1 1
341 3 0
341 5 3
341 6 2
341 7 3
342 0 1
342 1 0
342 6 1
342 7 1
343 0 0
343 1 0
343 3 0
343 6 0
344 0 0
344 1 0
345 0 0
345 1 0
345 6 0
346 0 0
346 1 0
347 0 1
347 1 0
348 0 0
348 1 0
349 0 0
349 1 0
349 6 0
350 0 1
350 1 1
351 0 0
351 1 0
352 0 0
352 1 0
352 6 0
353 0 0
353 1 0
354 0 0
354 1 0
354 6 0
355 0 0
355 1 0
355 6 0
356 0 0
356 1 0
356 6 0
357 0 0
357 1 0
357 6 1
358 0 1
358 1 0
359 0 0
359 1 0
359 4 0
359 6 0
359 7 0
360 0 1
360 1 1
361 0 1
361 1 0
362 0 2
362 1 0
363 0 0
363 1 0
363 4 1
363 6 0
364 0 1
364 1 1
364 5 3
364 6 1
365 0 0
365 1 0
365 3 0
366 0 1
366 1 1
366 5 2
367 0 0
367 1 0
368 0 0
368 1 0
368 6 0
369 0 0
369 1 0
369 9 0
370 0 0
370 1 0
370 3 0
370 7 1
371 0 0
371 1 0
371 6 1
371 7 1
372 0 0
372 1 0
372 3 0
372 7 0
373 0 1
373 1 0
373 2 1
373 6 1
374 0 0
374 1 0
374 3 0
375 0 1
375 1 0
376 0 1
376 1 0
377 0 0
377 1 0
377 3 0
378 0 0
378 1 0
378 6 0
379 0 1
379 1 0
379 3 0
379 6 0
380 0 0
380 1 0
380 3 0
381 0 0
381 1 0
381 6 3
382 0 0
382 1 0
382 4 0
382 6 1
383 0 1
383 1 0
384 0 0
384 1 0
384 6 0
385 0 0
385 1 0
385 6 0
386 0 0
386 1 0
386 3 0
386 4 0
386 5 0
386 6 0
386 7 0
386 9 0
387 0 0
387 1 0
388 0 0
388 1 0
388 3 0
388 6 0
388 7 0
389 0 0
389 1 0
389 3 0
389 6 0
390 0 4
390 1 3
391 0 2
391 1 3
391 6 1
392 0 0
392 1 0
392 3 0
392 6 0
393 0 0
393 1 0
393 5 0
393 8 0
394 0 0
394 1 0
395 0 0
395 1 0
396 0 0
396 1 0
397 0 0
397 1 0
398 0 0
398 1 0
398 5 0
398 6 0
399 0 0
399 1 0
399 4 0
399 6 0
400 0 0
400 1 2
400 6 1
401 0 1
401 1 0
402 0 0
402 1 0
402 6 0
403 0 0
403 1 0
403 2 0
403 3 0
404 0 0
404 1 0
405 0 0
405 1 0
405 6 0
406 0 0
406 1 0
406 5 1
406 6 0
407 0 0
407 1 0
407 3 0
407 7 0
408 0 0
408 1 0
409 0 0
409 1 0
409 3 0
409 5 0
409 6 0
410 0 0
410 1 0
411 0 0
411 1 0
411 6 1
412 0 0
412 1 0
412 6 1
413 0 1
413 1 0
413 3 1
413 6 1
414 0 0
414 1 0
415 0 1
415 1 0
416 0 0
416 1 0
416 6 0
417 0 0
417 1 0
417 6 0
418 0 0
418 1 0
418 9 2
419 0 0
419 1 0
420 0 0
420 1 0
421 0 0
421 1 0
421 6 1
422 0 1
422 1 0
422 2 0
423 0 0
423 1 0
423 6 0
424 0 0
424 1 0
424 6 4
425 0 1
425 1 0
426 0 1
426 1 0
426 2 0
426 3 0
427 0 0
427 1 0
427 3 0
428 0 0
428 1 0
428 3 0
428 6 0
429 0 0
429 1 0
429 6 0
430 0 1
430 1 1
430 3 1
430 5 2
431 0 1
431 1 1
431 3 1
431 6 1
432 0 1
432 1 3
432 6 2
433 0 1
433 1 0
433 2 1
434 0 1
434 1 0
434 6 0
435 0 1
435 1 0
435 3 1
435 6 0
436 0 0
436 1 0
437 0 0
437 1 0
438 0 0
438 1 0
439 0 1
439 1 0
439 3 2
439 6 1
440 0 0
440 1 0
440 4 0
440 6 0
440 7 0
440 8 0
441 0 0
441 1 0
441 6 0
442 0 0
442 1 0
442 6 0
443 0 0
443 1 0
443 6 0
444 0 0
444 1 0
444 2 0
444 7 1
445 0 1
445 1 0
445 7 0
445 9 0
446 0 0
446 1 0
446 5 0
447 0 0
447 1 1
447 3 1
447 5 1
447 6 0
448 0 0
448 1 0
448 2 0
448 3 0
449 0 1
449 1 2
450 0 0
450 1 0
450 3 2
450 6 0
451 0 0
451 1 0
451 6 0
452 0 0
452 1 0
452 3 0
453 0 0
453 1 0
454 0 0
454 1 4
454 4 2
455 0 0
455 1 0
455 3 0
456 0 1
456 1 1
456 5 3
457 0 1
457 1 1
457 5 3
457 6 1
458 0 1
458 1 0
458 6 1
459 0 2
459 1 0
459 5 3
460 0 0
460 1 0
460 8 0
461 0 3
461 1 4
461 6 4
462 0 0
462 1 0
463 0 0
463 1 0
464 0 0
464 1 0
464 6 0
465 0 0
465 1 0
466 0 0
466 1 4
467 0 1
467 1 0
467 2 1
467 3 1
467 4 1
468 0 0
468 1 0
468 3 2
469 0 0
469 1 0
470 0 0
470 1 0
470 2 1
471 0 1
471 1 0
471 6 0
472 0 1
472 1 0
473 0 1
473 1 1
473 5 1
473 6 1
474 0 0
474 1 0
475 0 0
475 1 0
476 0 1
476 1 0
477 0 3
477 1 4
477 2 2
477 3 3
477 6 4
478 0 2
478 1 2
479 0 1
479 1 0
479 5 2
479 6 1
479 7 4
480 0 0
480 1 0
480 2 2
481 0 0
481 1 0
482 0 0
482 1 0
482 3 0
483 0 2
483 1 0
484 0 1
484 1 1
484 4 1
485 0 1
485 1 0
485 9 1
486 0 1
486 1 0
486 3 0
487 0 1
487 1 0
487 3 0
487 6 1
488 0 0
488 1 0
488 6 1
489 0 4
489 1 0
489 2 3
489 5 3
489 6 1
490 0 3
490 1 2
490 6 3
491 0 0
491 1 0
492 0 1
492 1 0
492 3 2
492 6 1
492 8 1
493 0 1
493 1 0
493 3 0
493 7 0
494 0 1
494 1 0
494 5 0
494 6 0
495 0 4
495 1 4
495 5 4
496 0 3
496 1 3
496 7 3
497 0 3
497 1 4
497 3 4
498 0 0
498 1 0
498 3 0
498 6 2
499 0 1
499 1 0
500 0 1
500 1 0
500 5 0
501 0 4
501 1 4
501 3 3
501 6 3
501 7 4
502 0 1
502 1 0
502 6 4
503 0 4
503 1 4
503 5 4
504 0 3
504 1 0
505 0 1
505 1 0
505 4 1
506 0 0
506 1 0
506 5 0
506 6 0
507 0 1
507 1 0
507 7 4
508 0 0
508 1 0
508 6 2
509 0 0
509 1 0
509 6 1
510 0 2
510 1 2
510 6 1
511 0 3
511 1 4
511 6 2
512 0 1
512 1 0
512 6 1
512 7 0
512 8 0
513 0 1
513 1 4
514 0 2
514 1 0
515 0 2
515 1 2
516 0 4
516 1 3
517 0 0
517 1 0
518 0 1
518 1 0
518 5 1
519 0 0
519 1 0
519 6 1
520 0 4
520 1 4
520 6 4
520 7 4
521 0 1
521 1 0
521 3 0
522 0 4
522 1 1
522 6 3
522 9 3
523 0 1
523 1 1
524 0 0
524 1 1
524 3 1
524 6 1
525 0 0
525 1 0
526 0 2
526 1 0
526 3 1
527 0 2
527 1 1
527 6 3
528 0 2
528 1 0
528 3 1
529 0 1
529 1 0
530 0 0
530 1 0
531 0 0
531 1 0
532 0 1
532 1 4
532 6 1
533 0 1
533 1 0
533 7 0
534 0 0
534 1 0
535 0 1
535 1 0
535 6 0
536 0 0
536 1 0
536 3 0
536 7 1
537 0 1
537 1 0
537 6 1
538 0 2
538 1 0
539 0 2
539 1 0
539 2 4
540 0 0
540 1 0
540 3 1
541 0 0
541 1 0
541 3 0
542 0 0
542 1 0
542 5 0
543 0 0
543 1 0
543 3 0
543 7 0
543 9 0
544 0 1
544 1 1
545 0 0
545 1 0
546 0 1
546 1 2
546 3 4
546 6 4
547 0 1
547 1 1
547 6 4
548 0 1
548 1 0
548 2 3
549 0 0
549 1 0
549 3 1
549 4 0
549 6 1
550 0 3
550 1 4
550 2 3
551 0 0
551 1 0
551 6 1
552 0 1
552 1 2
552 6 3
553 0 0
553 1 1
554 0 0
554 1 1
555 0 1
555 1 0
555 9 2
556 0 1
556 1 1
556 3 3
556 6 1
557 0 1
557 1 1
557 6 3
558 0 2
558 1 1
558 6 1
559 0 3
559 1 1
559 6 4
560 0 0
560 1 1
560 3 0
561 0 0
561 1 0
561 6 0
562 0 0
562 1 0
562 6 1
563 0 2
563 1 0
563 3 0
564 0 4
564 1 1
564 3 1
564 7 0
565 0 1
565 1 0
566 0 1
566 1 0
566 7 4
567 0 4
567 1 4
568 0 2
568 1 1
568 2 2
568 6 1
569 0 1
569 1 0
570 0 1
570 1 1
571 0 0
571 1 0
571 4 0
572 0 1
572 1 0
572 6 0
573 0 1
573 1 0
573 3 0
574 0 0
574 1 2
574 5 3
575 0 1
575 1 0
575 7 0
576 0 0
576 1 0
576 6 0
577 0 2
577 1 3
578 0 1
578 1 0
578 7 2
579 0 1
579 1 0
579 2 1
580 0 1
580 1 1
580 6 1
581 0 2
581 1 1
581 3 0
581 6 1
582 0 1
582 1 1
582 6 2
583 0 0
583 1 0
584 0 1
584 1 0
584 6 0
585 0 0
585 1 0
586 0 1
586 1 0
587 0 0
587 1 0
588 0 1
588 1 0
588 6 1
589 0 2
589 1 3
589 6 2
590 0 2
590 1 0
591 0 1
591 1 1
591 3 0
591 6 2
591 7 3
592 0 1
592 1 1
592 3 0
592 6 1
593 0 0
593 1 0
594 0 1
594 1 0
594 3 2
594 5 3
594 6 2
595 0 2
595 1 0
595 3 3
596 0 1
596 1 3
597 0 0
597 1 0
598 0 0
598 1 0
598 6 0
599 0 4
599 1 4
600 0 0
600 1 0
600 6 0
601 0 0
601 1 0
602 0 0
602 1 0
603 0 2
603 1 3
604 0 1
604 1 0
604 6 2
605 0 1
605 1 1
605 6 1
605 7 2
606 0 0
606 1 0
606 6 1
607 0 1
607 1 0
607 6 2
608 0 1
608 1 2
608 6 3
608 7 3
609 0 1
609 1 0
609 3 1
610 0 2
610 1 0
610 6 3
611 0 1
611 1 1
612 0 3
612 1 4
612 5 4
612 7 4
613 0 0
613 1 1
614 0 4
614 1 1
614 6 4
615 0 2
615 1 0
615 2 2
615 3 0
615 6 2
616 0 1
616 1 0
616 6 2
616 7 0
617 0 0
617 1 0
618 0 0
618 1 0
618 3 0
618 6 2
619 0 0
619 1 0
620 0 0
620 1 0
620 6 2
621 0 1
621 1 0
622 0 0
622 1 0
623 0 0
623 1 0
624 0 0
624 1 0
625 0 1
625 1 0
625 3 0
625 6 2
626 0 1
626 1 0
627 0 1
627 1 0
627 5 3
627 6 2
628 0 1
628 1 1
629 0 1
629 1 1
629 6 1
630 0 1
630 1 0
630 6 1
631 0 1
631 1 0
631 6 0
632 0 0
632 1 0
632 6 3
633 0 2
633 1 2
633 6 1
634 0 4
634 1 0
634 6 3
635 0 0
635 1 0
635 9 0
636 0 1
636 1 2
636 2 2
637 0 4
637 1 4
638 0 1
638 1 0
639 0 1
639 1 0
639 3 0
639 6 1
640 0 1
640 1 0
641 0 0
641 1 0
641 7 0
642 0 1
642 1 0
642 3 3
643 0 0
643 1 0
644 0 1
644 1 0
644 3 1
645 0 1
645 1 0
645 6 0
646 0 2
646 1 0
646 3 1
646 6 2
647 0 4
647 1 4
647 5 3
647 6 3
648 0 3
648 1 0
649 0 0
649 1 0
649 5 1
649 6 1
650 0 2
650 1 1
650 3 1
650 6 1
651 0 1
651 1 0
651 6 3
651 7 2
652 0 0
652 1 0
653 0 1
653 1 0
653 3 1
654 0 0
654 1 0
654 6 0
655 0 0
655 1 0
656 0 1
656 1 0
656 6 0
657 0 4
657 1 3
658 0 1
658 1 0
659 0 1
659 1 2
659 7 2
660 0 2
660 1 2
660 2 3
660 6 3
661 0 1
661 1 0
661 3 3
662 0 1
662 1 1
663 0 3
663 1 4
664 0 4
664 1 3
665 0 4
665 1 3
665 6 2
666 0 1
666 1 0
666 7 0
667 0 1
667 1 0
668 0 1
668 1 1
668 3 1
669 0 2
669 1 2
670 0 1
670 1 1
670 3 0
670 6 1
671 0 1
671 1 0
671 2 2
671 3 0
672 0 1
672 1 0
673 0 2
673 1 0
674 0 1
674 1 1
674 6 4
675 0 0
675 1 0
675 3 1
675 6 1
676 0 0
676 1 0
677 0 0
677 1 1
677 5 2
678 0 1
678 1 3
678 6 1
679 0 2
679 1 2
680 0 0
680 1 0
681 0 4
681 1 4
681 2 3
682 0 0
682 1 0
683 0 1
683 1 2
684 0 2
684 1 1
684 3 3
684 7 3
685 0 3
685 1 3
685 3 3
685 5 3
685 6 1
686 0 4
686 1 3
687 0 0
687 1 3
687 6 1
687 7 0
688 0 1
688 1 0
688 6 2
689 0 4
689 1 4
689 4 4
689 5 4
689 6 4
690 0 2
690 1 2
690 3 0
690 6 1
691 0 1
691 1 0
691 7 3
692 0 1
692 1 3
692 6 4
693 0 1
693 1 3
694 0 1
694 1 0
695 0 1
695 1 3
695 3 0
696 0 1
696 1 0
696 8 4
697 0 4
697 1 4
698 0 2
698 1 0
698 6 0
699 0 2
699 1 0
699 3 0
700 0 0
700 1 1
700 5 1
700 6 1
701 0 1
701 1 0
701 3 0
701 6 1
702 0 0
702 1 0
702 6 0
703 0 0
703 1 0
703 6 0
704 0 1
704 1 0
704 3 0
705 0 0
705 1 0
705 5 1
705 6 1
706 0 4
706 1 4
706 6 3
707 0 1
707 1 0
708 0 0
708 1 0
709 0 1
709 1 0
710 0 0
710 1 0
711 0 0
711 1 0
711 3 0
711 6 1
712 0 1
712 1 0
712 3 0
712 9 2
713 0 0
713 1 0
713 5 0
714 0 4
714 1 4
715 0 1
715 1 3
716 0 0
716 1 0
717 0 1
717 1 0
717 6 2
718 0 3
718 1 3
719 0 1
719 1 1
720 0 2
720 1 1
720 3 1
720 7 1
721 0 1
721 1 4
721 3 3
721 6 2
722 0 1
722 1 0
723 0 1
723 1 0
723 6 1
723 8 0
724 0 1
724 1 0
724 3 1
725 0 1
725 1 0
725 3 0
725 9 1
726 0 4
726 1 4
726 6 4
727 0 2
727 1 1
727 6 1
728 0 2
728 1 3
729 0 1
729 1 0
730 0 0
730 1 0
730 6 2
731 0 1
731 1 0
732 0 0
732 1 0
733 0 0
733 1 0
733 6 2
734 0 2
734 1 2
734 3 2
734 6 3
735 0 0
735 1 0
735 3 0
735 6 1
736 0 0
736 1 0
736 3 0
736 7 0
737 0 1
737 1 1
737 3 0
738 0 3
738 1 1
738 6 2
739 0 3
739 1 3
739 3 3
740 0 1
740 1 3
741 0 0
741 1 0
742 0 1
742 1 2
742 3 3
743 0 0
743 1 0
744 0 0
744 1 0
745 0 0
745 1 0
745 3 0
745 6 3
745 7 1
746 0 2
746 1 2
746 2 2
746 6 2
747 0 0
747 1 4
748 0 0
748 1 0
749 0 1
749 1 0
749 5 1
750 0 1
750 1 0
750 6 1
751 0 0
751 1 0
751 6 0
752 0 0
752 1 0
752 3 0
753 0 2
753 1 2
753 2 1
754 0 1
754 1 0
754 6 1
755 0 0
755 1 0
756 0 0
756 1 4
756 3 2
757 0 3
757 1 3
757 5 3
758 0 3
758 1 3
758 3 3
758 6 3
758 8 3
759 0 0
759 1 0
759 6 1
760 0 1
760 1 1
760 6 0
761 0 1
761 1 0
762 0 1
762 1 0
762 3 1
762 6 1
762 7 2
762 8 1
763 0 1
763 1 0
764 0 1
764 1 0
764 6 1
765 0 1
765 1 0
766 0 2
766 1 1
766 3 2
766 5 0
767 0 0
767 1 0
768 0 1
768 1 0
768 6 1
769 0 1
769 1 1
769 6 2
769 8 1
770 0 0
770 1 0
770 8 1
771 0 2
771 1 3
771 5 3
771 6 1
772 0 0
772 1 0
772 6 1
773 0 0
773 1 0
773 3 0
773 6 1
773 7 1
774 0 1
774 1 0
774 6 1
775 0 1
775 1 0
776 0 3
776 1 3
777 0 1
777 1 0
777 3 2
778 0 1
778 1 0
779 0 1
779 1 0
779 3 0
779 6 0
780 0 1
780 1 0
780 5 0
780 6 1
781 0 2
781 1 4
781 5 3
781 6 4
782 0 1
782 1 0
783 0 0
783 1 0
784 0 2
784 1 2
784 6 2
785 0 0
785 1 0
786 0 4
786 1 1
786 6 4
787 0 1
787 1 0
787 6 1
788 0 0
788 1 0
788 3 0
788 8 0
789 0 0
789 1 0
789 4 1
789 6 0
789 7 0
790 0 1
790 1 1
790 6 0
790 7 0
791 0 4
791 1 3
791 6 4
792 0 4
792 1 3
792 9 4
793 0 4
793 1 4
794 0 1
794 1 0
795 0 0
795 1 0
795 7 1
796 0 0
796 1 0
797 0 1
797 1 0
797 2 1
797 6 2
798 0 1
798 1 0
798 6 1
799 0 1
799 1 0
800 0 1
800 1 4
800 3 1
800 6 2
801 0 1
801 1 4
801 4 4
802 0 0
802 1 0
802 5 1
802 6 0
803 0 4
803 1 4
803 7 3
804 0 1
804 1 0
805 0 0
805 1 0
806 0 0
806 1 0
806 3 0
807 0 1
807 1 0
807 6 3
808 0 0
808 1 0
809 0 0
809 1 0
809 3 0
810 0 1
810 1 4
810 9 4
811 0 0
811 1 0
811 3 0
811 6 0
811 7 2
812 0 2
812 1 3
813 0 1
813 1 0
814 0 1
814 1 0
814 6 1
815 0 1
815 1 0
815 6 3
816 0 0
816 1 1
817 0 0
817 1 0
817 3 0
818 0 1
818 1 2
819 0 1
819 1 0
819 7 0
820 0 0
820 1 0
821 0 0
821 1 0
822 0 4
822 1 4
822 5 4
822 7 3
823 0 4
823 1 4
824 0 0
824 1 0
825 0 0
825 1 0
826 0 2
826 1 2
826 2 3
827 0 2
827 1 2
827 7 3
828 0 1
828 1 0
829 0 0
829 1 0
830 0 1
830 1 0
830 6 1
831 0 1
831 1 1
832 0 1
832 1 4
832 6 1
833 0 1
833 1 1
834 0 1
834 1 0
834 6 0
835 0 2
835 1 1
835 2 4
835 3 2
835 6 1
836 0 2
836 1 1
836 3 1
836 9 2
837 0 0
837 1 0
837 6 0
838 0 0
838 1 0
838 6 2
839 0 0
839 1 0
839 5 0
840 0 0
840 1 4
841 0 0
841 1 0
841 3 0
842 0 1
842 1 0
842 3 0
843 0 1
843 1 0
843 6 2
843 7 2
844 0 0
844 1 0
844 3 0
845 0 2
845 1 0
845 9 2
846 0 1
846 1 0
846 6 0
847 0 1
847 1 2
848 0 1
848 1 2
848 2 1
848 6 1
849 0 0
849 1 0
850 0 2
850 1 2
850 6 3
851 0 3
851 1 3
851 6 2
852 0 2
852 1 0
852 6 1
852 7 1
853 0 0
853 1 0
853 3 0
853 6 0
854 0 0
854 1 0
854 3 0
854 7 0
855 0 2
855 1 2
856 0 1
856 1 0
856 2 0
857 0 0
857 1 0
858 0 0
858 1 0
858 3 0
858 5 0
858 6 0
858 7 0
859 0 0
859 1 0
860 0 0
860 1 0
861 0 2
861 1 0
861 6 2
862 0 1
862 1 0
863 0 3
863 1 3
864 0 4
864 1 3
865 0 0
865 1 1
865 3 0
865 6 1
866 0 1
866 1 0
867 0 1
867 1 0
867 3 0
868 0 0
868 1 0
868 7 0
869 0 1
869 1 0
870 0 1
870 1 0
870 6 1
871 0 1
871 1 1
871 6 1
872 0 0
872 1 2
873 0 0
873 1 0
874 0 1
874 1 1
875 0 1
875 1 1
875 3 2
875 6 1
875 8 2
876 0 1
876 1 0
876 6 1
877 0 0
877 1 0
877 6 1
878 0 0
878 1 0
878 3 1
879 0 0
879 1 0
879 6 1
880 0 0
880 1 0
881 0 1
881 1 0
882 0 2
882 1 2
883 0 1
883 1 0
883 6 0
883 7 0
884 0 1
884 1 0
885 0 1
885 1 0
886 0 2
886 1 3
886 5 3
887 0 1
887 1 0
887 6 1
888 0 1
888 1 0
888 3 2
888 6 1
889 0 1
889 1 1
889 3 1
890 0 1
890 1 0
891 0 0
891 1 1
891 5 0
891 6 1
892 0 0
892 1 0
893 0 0
893 1 0
893 6 1
894 0 2
894 1 0
895 0 4
895 1 4
895 2 4
895 6 4
896 0 1
896 1 0
896 2 4
896 7 1
897 0 0
897 1 0
897 2 1
897 6 0
898 0 4
898 1 4
898 2 3
899 0 0
899 1 0
899 6 1
900 0 2
900 1 0
900 2 1
900 3 0
900 4 1
900 6 1
901 0 1
901 1 0
902 0 2
902 1 3
902 5 3
902 6 3
903 0 1
903 1 1
903 6 2
904 0 1
904 1 1
904 3 2
904 6 2
905 0 0
905 1 0
905 2 1
905 3 0
905 6 1
906 0 0
906 1 0
907 0 2
907 1 2
907 3 1
907 6 2
908 0 0
908 1 0
909 0 0
909 1 0
909 6 1
909 7 0
909 9 0
910 0 0
910 1 0
910 3 0
911 0 2
911 1 1
912 0 1
912 1 0
912 3 1
912 7 2
913 0 1
913 1 0
913 6 1
914 0 0
914 1 0
914 6 0
915 0 0
915 1 0
915 6 1
916 0 1
916 1 1
916 3 2
916 7 2
917 0 1
917 1 0
917 6 3
918 0 1
918 1 1
919 0 1
919 1 0
920 0 2
920 1 0
921 0 0
921 1 0
921 3 1
922 0 2
922 1 2
922 3 0
922 6 1
923 0 4
923 1 4
924 0 4
924 1 4
924 3 3
925 0 0
925 1 0
925 7 0
926 0 0
926 1 0
927 0 2
927 1 3
928 0 1
928 1 0
929 0 1
929 1 0
929 6 1
930 0 2
930 1 1
931 0 3
931 1 2
931 6 2
932 0 0
932 1 0
933 0 4
933 1 4
934 0 0
934 1 0
934 3 0
935 0 0
935 1 0
935 2 2
936 0 0
936 1 0
936 6 2
936 8 3
937 0 0
937 1 0
938 0 0
938 1 0
938 3 0
938 5 0
939 0 0
939 1 0
939 6 0
940 0 3
940 1 2
941 0 4
941 1 4
941 3 4
941 6 4
942 0 1
942 1 0
942 6 1
943 0 0
943 1 0
944 0 1
944 1 1
944 3 1
944 6 2
945 0 1
945 1 0
945 6 1
946 0 1
946 1 0
946 6 1
947 0 0
947 1 0
947 3 1
947 6 0
947 7 0
948 0 1
948 1 0
948 6 4
949 0 0
949 1 1
949 6 1
950 0 1
950 1 1
951 0 1
951 1 4
951 9 4
952 0 1
952 1 0
953 0 0
953 1 0
953 6 1
954 0 1
954 1 0
954 5 2
954 6 1
955 0 2
955 1 0
955 7 3
956 0 2
956 1 2
956 6 2
957 0 2
957 1 0
958 0 2
958 1 1
959 0 1
959 1 0
960 0 2
960 1 4
961 0 0
961 1 0
962 0 2
962 1 2
962 6 1
963 0 1
963 1 0
963 6 1
964 0 2
964 1 2
965 0 0
965 1 0
965 3 0
965 6 1
966 0 0
966 1 0
966 6 1
967 0 4
967 1 4
967 6 4
968 0 3
968 1 3
968 6 2
969 0 4
969 1 3
970 0 3
970 1 3
971 0 0
971 1 1
971 3 3
972 0 3
972 1 4
973 0 2
973 1 4
973 3 2
974 0 1
974 1 2
975 0 4
975 1 4
975 3 4
975 5 4
976 0 2
976 1 0
976 4 1
976 6 1
977 0 0
977 1 0
977 6 1
978 0 0
978 1 0
979 0 1
979 1 0
980 0 0
980 1 0
980 6 1
981 0 0
981 1 0
982 0 0
982 1 0
982 6 0
983 0 1
983 1 0
984 0 0
984 1 0
985 0 1
985 1 0
985 6 3
986 0 1
986 1 0
986 7 1
987 0 2
987 1 0
987 6 1
988 0 1
988 1 0
988 6 1
988 7 0
988 9 2
989 0 0
989 1 0
989 2 1
990 0 2
990 1 1
990 6 2
991 0 0
991 1 0
991 5 1
992 0 4
992 1 4
992 7 4
992 9 3
993 0 2
993 1 0
994 0 1
994 1 0
994 3 2
994 6 2
995 0 1
995 1 1
995 3 2
995 6 1
996 0 0
996 1 2
996 6 1
997 0 1
997 1 2
998 0 1
998 1 3
998 3 4
998 6 3
999 0 0
999 1 0
999 6 2
1000 0 2
1000 1 0
1001 0 1
1001 1 0
1002 0 0
1002 1 0
1003 0 0
1003 1 0
1004 0 0
1004 1 0
1004 5 2
1004 7 0
1005 0 1
1005 1 0
1005 3 0
1006 0 2
1006 1 4
1007 0 1
1007 1 2
1007 8 2
1008 0 1
1008 1 0
1008 2 0
1008 5 0
1009 0 0
1009 1 0
1009 6 0
1010 0 4
1010 1 4
1011 0 4
1011 1 4
1011 2 3
1012 0 2
1012 1 0
1012 3 1
1013 0 0
1013 1 0
1013 3 0
1014 0 0
1014 1 0
1014 6 2
1015 0 2
1015 1 2
1015 6 1
1016 0 1
1016 1 0
1016 2 1
1016 6 1
1017 0 0
1017 1 0
1018 0 3
1018 1 2
1019 0 2
1019 1 2
1019 3 3
1019 6 1
1020 0 1
1020 1 3
1020 6 4
1021 0 0
1021 1 0
1022 0 2
1022 1 1
1022 6 2
1023 0 1
1023 1 1
1024 0 1
1024 1 0
1024 6 3
1025 0 1
1025 1 0
1026 0 1
1026 1 1
1026 6 3
1027 0 0
1027 1 4
1027 3 4
1027 6 3
1028 0 0
1028 1 0
1028 4 1
1028 6 1
1028 7 0
1029 0 2
1029 1 2
1029 2 3
1029 6 1
1030 0 0
1030 1 0
1030 3 0
1030 6 0
1031 0 2
1031 1 3
1032 0 1
1032 1 0
1032 5 1
1032 7 1
1033 0 0
1033 1 0
1033 3 0
1033 5 0
1034 0 0
1034 1 0
1034 6 0
1035 0 1
1035 1 0
1035 6 0
1036 0 4
1036 1 3
1036 3 3
1036 4 4
1037 0 2
1037 1 0
1038 0 1
1038 1 3
1038 2 4
1038 6 3
1039 0 4
1039 1 4
1039 6 4
1040 0 1
1040 1 0
1041 0 0
1041 1 0
1041 6 1
1042 0 3
1042 1 4
1042 2 2
1042 6 1
1042 7 3
1043 0 1
1043 1 0
1043 3 3
1044 0 1
1044 1 0
1045 0 1
1045 1 3
1045 3 3
1046 0 0
1046 1 3
1046 4 2
1047 0 1
1047 1 0
1047 2 2
1048 0 0
1048 1 0
1048 3 0
1049 0 0
1049 1 0
1049 3 0
1049 6 1
1050 0 1
1050 1 1
1050 3 2
1050 6 2
1051 0 0
1051 1 0
1052 0 2
1052 1 0
1052 6 2
1053 0 0
1053 1 0
1053 2 0
1053 6 0
1053 7 0
1054 0 1
1054 1 0
1054 3 2
1054 6 1
1055 0 1
1055 1 0
1055 3 1
1056 0 3
1056 1 3
1056 6 2
1057 0 1
1057 1 0
1058 0 1
1058 1 2
1058 3 3
1059 0 0
1059 1 0
1059 3 0
1060 0 0
1060 1 0
1060 9 0
1061 0 2
1061 1 2
1061 7 3
1062 0 3
1062 1 2
1062 3 3
1063 0 1
1063 1 1
1063 5 2
1063 6 1
1064 0 4
1064 1 4
1064 3 4
1064 5 4
1065 0 0
1065 1 0
1065 3 0
1065 7 0
1066 0 3
1066 1 0
1066 9 1
1067 0 2
1067 1 2
1068 0 2
1068 1 2
1068 3 1
1069 0 1
1069 1 0
1069 6 0
1070 0 1
1070 1 0
1070 6 1
1071 0 4
1071 1 4
1071 3 4
1071 4 4
1072 0 0
1072 1 0
1073 0 2
1073 1 0
1073 2 3
1074 0 0
1074 1 0
1074 6 0
1075 0 1
1075 1 2
1075 6 1
1076 0 4
1076 1 4
1077 0 0
1077 1 0
1077 6 1
1078 0 4
1078 1 4
1078 6 4
1079 0 0
1079 1 0
1079 6 2
1080 0 0
1080 1 0
1080 6 1
1081 0 0
1081 1 0
1081 3 0
1081 6 1
1082 0 0
1082 1 0
1082 7 1
1083 0 1
1083 1 1
1083 3 0
1083 6 2
1084 0 4
1084 1 3
1084 6 3
1085 0 1
1085 3 3
1086 0 1
1086 1 0
1086 5 0
1087 0 0
1087 1 0
1087 6 1
1088 0 0
1088 1 0
1089 0 0
1089 1 0
1089 6 0
1090 0 1
1090 1 0
1091 0 2
1091 1 1
1092 0 1
1092 1 0
1092 3 3
1092 6 3
1093 0 0
1093 1 0
1093 6 1
1093 7 2
1094 0 1
1094 1 0
1094 6 3
1095 0 1
1095 1 1
1096 0 0
1096 1 0
1096 3 0
1097 0 0
1097 1 0
1098 0 4
1098 1 4
1098 6 4
1099 0 1
1099 1 4
1100 0 4
1100 1 4
1100 6 4
1100 7 4
1101 0 1
1101 1 1
1101 3 2
1101 6 2
1102 0 1
1102 1 0
1102 6 1
1103 0 1
1103 1 0
1103 3 2
1104 0 1
1104 1 0
1104 6 1
1105 0 1
1105 1 0
1105 5 2
1105 7 3
1106 0 0
1106 1 0
1106 3 0
1107 0 1
1107 1 0
1107 6 2
1108 0 1
1108 1 0
1108 7 0
1109 0 3
1109 1 4
1109 3 4
1109 6 3
1110 0 2
1110 1 2
1111 0 1
1111 1 0
1111 6 1
1112 0 0
1112 1 0
1112 3 0
1112 5 1
1112 6 1
1113 0 1
1113 1 1
1113 5 2
1113 8 2
1114 0 1
1114 1 3
1114 2 2
1114 6 1
1115 0 1
1115 1 0
1115 5 0
1115 6 1
1116 0 0
1116 1 0
1117 0 1
1117 1 1
1117 3 0
1117 4 0
1118 0 2
1118 1 0
1118 6 2
1119 0 4
1119 1 4
1119 6 4
1120 0 0
1120 1 0
1121 0 1
1121 1 0
1122 0 1
1122 1 3
1123 0 0
1123 1 0
1124 0 1
1124 1 2
1124 7 0
1125 0 1
1125 1 0
1126 0 0
1126 1 0
1126 3 0
1127 0 0
1127 1 0
1127 2 0
1128 0 1
1128 1 1
1128 6 1
1129 0 4
1129 1 4
1129 4 4
1130 0 1
1130 1 3
1130 5 3
1131 0 1
1131 1 2
1132 0 2
1132 1 0
1132 6 2
1133 0 1
1133 1 0
1133 6 1
1134 0 0
1134 1 0
1135 0 2
1135 1 3
1135 3 4
1136 0 2
1136 1 3
1136 6 3
1137 0 4
1137 1 3
1137 6 3
1137 7 4
1138 0 0
1138 1 0
1138 6 0
1139 0 3
1139 1 4
1140 0 0
1140 1 0
1140 6 0
1141 0 2
1141 1 3
1141 6 4
1142 0 2
1142 1 0
1142 3 3
1142 6 1
1143 0 1
1143 1 1
1143 8 2
1144 0 2
1144 1 0
1144 6 2
1145 0 2
1145 1 0
1146 0 1
1146 1 1
1146 3 1
1147 0 3
1147 1 4
1147 3 4
1147 6 4
1148 0 1
1148 1 0
1148 6 2
1149 0 1
1149 1 0
1149 5 2
1149 6 1
1150 0 0
1150 1 3
1150 7 0
1151 0 1
1151 1 0
1151 6 3
1152 0 1
1152 1 0
1153 0 4
1153 1 1
1154 0 0
1154 1 1
1154 3 1
1155 0 1
1155 1 3
1155 3 2
1155 6 1
1156 0 1
1156 1 0
1156 6 2
1157 0 3
1157 1 4
1157 6 1
1158 0 4
1158 1 3
1158 6 4
1159 0 0
1159 1 0
1159 6 2
1160 0 2
1160 1 4
1161 0 1
1161 1 1
1162 0 2
1162 1 4
1163 0 1
1163 1 0
1163 6 4
1163 7 0
1164 0 0
1164 1 0
1164 6 2
1165 0 2
1165 1 2
1166 0 4
1166 1 4
1166 6 4
1166 7 3
1167 0 4
1167 1 4
1168 0 4
1168 1 0
1168 8 1
1169 0 4
1169 1 3
1170 0 0
1170 1 0
1171 0 2
1171 1 2
1171 6 2
1172 0 0
1172 1 0
1173 0 0
1173 1 1
1173 6 1
1174 0 1
1174 1 0
1174 5 1
1174 6 0
1175 0 3
1175 1 4
1175 2 4
1175 3 3
1175 6 2
1176 0 0
1176 1 1
1177 0 0
1177 1 0
1177 3 1
1177 6 1
1178 0 1
1178 1 3
1179 0 1
1179 1 0
1180 0 1
1180 1 0
1181 0 1
1181 1 0
1181 4 2
1181 6 1
1182 0 1
1182 1 0
1182 6 0
1183 0 4
1183 1 2
1183 4 3
1184 0 2
1184 1 0
1184 3 2
1184 6 0
1184 7 0
1185 0 1
1185 1 2
1185 5 4
1186 0 3
1186 1 2
1187 0 4
1187 1 3
1187 7 4
1188 0 1
1188 1 0
1188 6 1
1189 0 1
1189 1 1
1189 6 2
1190 0 2
1190 1 3
1190 6 2
1191 0 3
1191 1 1
1191 3 4
1192 0 1
1192 1 1
1192 7 2
1193 0 1
1193 1 4
1194 0 0
1194 1 0
1194 3 0
1195 0 0
1195 1 0
1195 6 0
1195 8 0
1196 0 0
1196 1 0
1196 6 0
1196 7 2
1197 0 1
1197 1 0
1198 0 1
1198 1 0
1198 3 2
1199 0 2
1199 1 2
1199 3 1
1200 0 1
1200 1 3
1200 6 2
1201 0 0
1201 1 0
1201 6 0
1202 0 1
1202 1 2
1203 0 1
1204 0 1
1204 1 0
1204 6 2
1205 0 0
1205 1 0
1206 0 3
1206 1 1
1207 0 0
1207 1 0
1207 2 1
1207 3 0
1207 6 0
1207 7 1
1208 0 1
1208 1 0
1208 2 1
1209 0 1
1209 1 1
1209 3 1
1209 6 1
1210 0 1
1210 1 1
1210 2 3
1210 6 1
1211 0 3
1211 1 2
1212 0 2
1212 1 3
1212 3 1
1213 0 2
1213 5 0
1213 7 0
1214 0 1
1214 1 0
1215 0 2
1215 1 2
1216 0 0
1216 1 0
1217 0 1
1217 1 0
1217 5 1
1218 0 3
1218 1 3
1218 3 3
1218 6 4
1219 0 3
1219 1 4
1219 3 4
1219 5 4
1219 6 4
1219 7 4
1220 0 0
1220 1 0
1220 4 2
1221 0 4
1221 1 3
1221 3 2
1221 6 3
1222 0 1
1222 1 0
1223 0 1
1223 1 0
1223 3 0
1224 0 0
1224 1 3
1225 0 2
1225 1 0
1226 0 0
1226 1 0
1226 3 0
1227 0 1
1227 1 0
1228 0 2
1228 1 2
1229 0 2
1229 1 1
1230 0 2
1230 1 3
1230 2 4
1230 6 3
1231 0 0
1231 1 0
1231 3 0
1232 0 4
1232 1 4
1232 5 4
1232 8 3
1232 9 4
1233 0 0
1233 1 0
1234 0 1
1234 1 1
1235 0 1
1235 1 0
1235 6 1
1236 0 4
1236 1 4
1236 3 3
1237 0 1
1237 1 0
1238 0 0
1238 1 0
1239 0 4
1239 1 0
1240 0 1
1240 1 3
1240 6 4
1241 0 1
1241 1 0
1242 0 1
1242 1 0
1242 6 1
1243 0 1
1243 1 3
1243 6 1
1244 0 1
1244 1 0
1244 3 1
1244 7 3
1245 0 0
1245 1 0
1246 0 2
1246 1 2
1246 3 1
1247 0 1
1247 1 0
1248 0 4
1248 1 4
1248 6 4
1249 0 1
1249 1 0
1249 4 2
1249 6 1
1250 0 1
1250 1 0
1250 3 0
1251 0 1
1251 1 0
1251 7 0
1252 0 1
1252 1 2
1252 3 2
1252 5 3
1253 0 2
1253 1 0
1253 6 2
1254 0 1
1254 1 0
1255 0 1
1255 1 0
1255 6 1
1256 0 0
1256 1 0
1257 0 2
1257 1 0
1258 0 4
1258 1 4
1259 0 0
1259 1 2
1259 3 2
1259 7 1
1260 0 1
1260 1 0
1260 2 2
1260 6 0
1260 7 0
1261 0 0
1261 1 0
1261 3 0
1261 6 0
1262 0 0
1262 1 0
1263 0 0
1263 1 0
1263 3 1
1264 0 0
1264 1 0
1265 0 0
1265 1 0
1266 0 1
1266 1 0
1267 0 1
1267 1 0
1268 0 2
1268 1 0
1268 6 3
1269 0 4
1269 1 2
1269 4 3
1269 5 0
1269 6 3
1270 0 2
1270 1 4
1270 6 4
1271 0 1
1271 1 0
1272 0 1
1272 1 2
1272 6 3
1272 8 1
1273 0 2
1273 1 4
1273 3 4
1273 6 3
1274 0 1
1274 1 0
1274 3 1
1275 0 4
1275 1 4
1275 8 3
1276 0 1
1276 1 1
1276 6 1
1277 0 1
1277 1 0
1277 3 1
1278 0 2
1278 1 0
1278 3 2
1278 7 3
1279 0 1
1279 1 0
1280 0 0
1280 1 0
1280 6 1
1281 0 4
1281 1 4
1281 6 4
1282 0 4
1282 1 3
1282 3 4
1283 0 1
1283 1 0
1283 3 0
1284 0 2
1284 1 3
1284 3 2
1284 5 2
1284 6 2
1285 0 3
1285 1 0
1286 0 0
1286 1 1
1287 0 2
1287 1 0
1288 0 1
1288 1 0
1289 0 1
1289 1 0
1289 6 1
1290 0 1
1290 1 1
1291 0 2
1291 1 4
1291 6 2
1292 0 1
1292 1 0
1292 6 0
1293 0 1
1293 1 0
1293 3 2
1293 6 3
1294 0 4
1294 1 4
1294 6 2
1294 7 4
1295 0 4
1295 1 4
1295 3 4
1295 6 4
1296 0 4
1296 1 4
1296 3 4
1296 6 4
1297 0 4
1297 1 4
1297 3 4
1297 6 4
1298 0 2
1298 1 3
1298 3 2
1299 0 2
1299 1 3
1299 5 3
1299 6 2
1300 0 1
1300 1 1
1300 7 3
1301 0 1
1301 1 2
1301 6 1
1302 0 1
1302 1 1
1303 0 1
1303 1 2
1303 6 1
1304 0 1
1304 1 3
1305 0 4
1305 1 4
1306 0 0
1306 1 0
1306 6 1
1307 0 4
1307 1 4
1308 0 4
1308 1 4
1309 0 0
1309 1 0
1309 7 0
1310 0 1
1310 1 3
1310 6 3
1311 0 0
1311 1 0
1311 6 0
1311 7 0
1312 0 0
1312 1 0
1313 0 2
1313 1 0
1314 0 1
1314 1 0
1314 3 0
1315 0 1
1315 1 4
1315 3 1
1316 0 1
1316 1 0
1317 0 1
1317 1 0
1317 5 2
1317 6 1
1317 7 2
1318 0 0
1318 1 3
1318 6 3
1319 0 1
1319 1 0
1319 6 1
1320 0 1
1320 1 1
1320 6 1
1321 0 1
1321 1 1
1321 6 0
1322 0 2
1322 1 4
1322 2 4
1322 3 4
1322 6 2
1323 0 4
1323 1 4
1324 0 0
1324 1 0
1325 0 3
1325 1 1
1326 0 1
1326 1 0
1327 0 1
1327 1 0
1328 0 3
1328 1 2
1328 6 2
1329 0 0
1329 1 0
1329 6 2
1330 0 0
1330 1 0
1330 3 0
1330 5 0
1330 6 1
1331 0 2
1331 1 0
1332 0 0
1332 1 0
1332 5 0
1333 0 1
1333 1 1
1333 3 4
1334 0 3
1334 1 3
1334 3 2
1334 5 3
1335 0 3
1335 1 3
1335 3 4
1336 0 4
1336 1 3
1337 0 4
1337 1 4
1338 0 3
1338 1 1
1338 7 3
1339 0 0
1339 1 0
1339 3 1
1339 6 1
1340 0 4
1340 1 4
1340 6 4
1341 0 0
1341 1 1
1342 0 0
1342 1 0
1343 0 3
1343 1 3
1344 0 1
1344 1 2
1344 3 1
1345 0 1
1345 1 0
1345 6 0
1346 0 0
1346 1 0
1346 3 0
1346 7 0
1347 0 4
1347 1 4
1347 3 4
1347 7 4
1348 0 1
1348 1 0
1348 6 1
1349 0 0
1349 1 0
1349 6 1
1350 0 1
1350 1 2
1351 0 1
1351 1 0
1351 6 0
1352 0 4
1352 1 4
1352 6 1
1353 0 1
1353 1 0
1353 3 0
1354 0 1
1354 1 1
1354 6 3
1355 0 1
1355 1 0
1355 6 2
1356 0 1
1356 1 0
1356 8 1
1357 0 3
1357 1 0
1358 0 3
1358 1 3
1358 5 3
1358 6 2
1358 9 3
1359 0 1
1359 1 3
1359 3 2
1360 0 1
1360 1 1
1361 0 2
1361 1 0
1361 2 2
1362 0 1
1362 1 0
1363 0 4
1363 1 4
1364 0 0
1364 1 1
1365 0 2
1365 1 0
1365 6 2
1366 0 4
1366 1 3
1367 0 0
1367 1 3
1367 6 1
1368 0 2
1368 1 0
1369 0 1
1369 1 0
1370 0 1
1370 1 3
1370 3 2
1370 5 3
1370 8 2
1371 0 0
1371 1 0
1372 0 0
1372 1 1
1372 6 1
1373 0 0
1373 1 1
1373 7 0
1373 9 1
1374 0 1
1374 1 2
1374 5 3
1374 6 2
1374 7 0
1375 0 2
1375 1 4
1375 6 1
1376 0 2
1376 1 4
1376 6 2
1377 0 1
1377 1 1
1378 0 0
1378 1 0
1378 3 0
1379 0 4
1379 1 4
1379 3 4
1379 6 4
1379 9 4
1380 0 2
1380 1 0
1381 0 1
1381 1 0
1382 0 0
1382 1 0
1382 3 0
1383 0 4
1383 1 4
1383 6 4
1384 0 1
1384 1 0
1385 0 0
1385 1 0
1385 6 1
1386 0 0
1386 1 0
1386 7 0
1387 0 1
1387 1 0
1387 7 0
1388 0 1
1388 1 0
1388 2 2
1389 0 2
1389 1 3
1389 7 4
1390 0 1
1390 1 0
1391 0 0
1391 1 2
1392 0 1
1392 1 0
1392 3 1
1393 0 1
1393 1 0
1393 3 1
1393 6 0
1393 8 1
1394 0 0
1394 1 2
1395 0 4
1395 1 4
1396 0 4
1396 1 4
1396 6 4
1396 8 4
1397 0 2
1397 1 2
1397 6 2
1398 0 0
1398 1 0
1398 3 2
1398 7 4
1399 0 2
1399 1 1
1399 3 1
1400 0 2
1400 1 0
1401 0 0
1401 1 0
1401 6 1
1402 0 2
1402 1 2
1402 6 1
1403 0 3
1403 1 3
1404 0 0
1404 1 0
1404 6 1
1405 0 4
1405 1 4
1406 0 0
1406 1 0
1406 6 0
1407 0 2
1407 1 0
1408 0 3
1408 1 1
1408 3 2
1408 6 2
1409 0 2
1409 1 0
1409 3 1
1410 0 0
1410 1 0
1411 0 1
1411 1 0
1412 0 1
1412 1 2
1413 0 3
1413 1 3
1413 5 3
1413 6 2
1414 0 1
1414 1 0
1414 4 1
1415 0 0
1415 1 0
1416 0 0
1416 1 0
1417 0 1
1417 1 1
1417 7 2
1418 0 0
1418 1 3
1418 2 2
1418 3 0
1419 0 0
1419 1 0
1419 6 1
1420 0 1
1420 1 0
1420 7 3
1421 0 0
1421 1 0
1421 5 1
1422 0 1
1422 1 0
1422 6 1
1423 0 4
1423 1 4
1424 0 0
1424 1 0
1424 6 1
1425 0 1
1425 1 0
1426 0 2
1426 1 2
1427 0 1
1427 1 0
1428 0 4
1428 1 4
1429 0 3
1429 1 0
1429 2 3
1429 6 1
1430 0 1
1430 1 1
1431 0 1
1431 1 1
1432 0 2
1432 1 4
1433 0 0
1433 1 0
1433 6 0
1434 0 2
1434 1 2
1434 2 3
1434 3 0
1434 6 1
1435 0 1
1435 1 0
1435 3 1
1436 0 1
1436 1 1
1436 5 2
1437 0 1
1437 1 0
1438 0 0
1438 1 0
1438 2 2
1439 0 4
1439 1 4
1439 6 3
1440 0 2
1440 1 3
1440 3 2
1440 6 2
1440 9 3
1441 0 4
1441 1 4
1442 0 3
1442 1 3
1442 3 3
1442 6 2
1442 7 3
1443 0 1
1443 1 0
1444 0 3
1444 1 4
1444 3 4
1444 6 4
1445 0 1
1445 1 2
1445 6 2
1446 0 2
1446 1 3
1447 0 4
1447 1 4
1447 7 2
1448 0 0
1448 1 0
1448 2 1
1448 3 0
1449 0 0
1449 1 0
1449 6 1
1449 7 0
1450 0 0
1450 1 0
1451 0 3
1451 1 3
1451 2 4
1452 0 1
1452 1 0
1453 0 4
1453 1 0
1453 8 1
1454 0 1
1454 1 0
1455 0 0
1455 1 0
1455 6 1
1456 0 0
1456 1 0
1456 3 0
1456 6 0
1457 0 2
1457 1 0
1457 3 1
1457 6 4
1458 0 4
1458 1 4
1459 0 3
1459 1 0
1459 6 0
1460 0 4
1460 1 3
1461 0 0
1461 1 0
1461 5 0
1461 6 1
1461 7 0
1461 9 0
1462 0 1
1462 1 1
1463 0 1
1463 1 0
1463 7 1
1464 0 3
1464 1 4
1464 6 3
1465 0 0
1465 1 1
1466 0 1
1466 1 0
1467 0 0
1467 1 0
1467 6 1
1467 7 0
1468 0 1
1468 1 1
1468 2 1
1469 0 2
1469 1 2
1469 2 4
1470 0 1
1470 1 3
1470 6 3
1471 0 0
1471 1 0
1471 6 2
1472 0 0
1472 1 0
1472 3 1
1473 0 1
1473 1 0
1473 2 1
1473 6 1
1474 0 0
1474 1 0
1475 0 0
1475 1 0
1476 0 1
1476 1 0
1476 5 2
1476 6 1
1476 7 1
1477 0 1
1477 1 0
1478 0 2
1478 1 3
1478 2 4
1478 6 2
1479 0 1
1479 1 2
1479 6 1
1480 0 0
1480 1 0
1481 0 0
1481 1 0
1482 0 4
1482 1 4
1482 6 4
1483 0 4
1483 1 4
1483 6 2
1484 0 0
1484 1 0
1485 0 0
1485 1 0
1485 6 0
1486 0 0
1486 1 0
1486 6 1
1487 0 1
1487 1 2
1487 3 1
1488 0 1
1488 1 0
1489 0 0
1489 1 0
1489 3 0
1489 4 0
1490 0 4
1490 1 3
1490 6 1
1491 0 3
1491 1 3
1492 0 4
1492 1 4
1493 0 1
1493 1 0
1493 3 1
1494 0 4
1494 1 0
1495 0 3
1495 1 1
1495 4 3
1496 0 1
1496 1 0
1496 5 2
1496 6 3
1497 0 1
1497 1 0
1497 6 1
1497 7 0
1498 0 1
1498 1 2
1499 0 1
1499 1 4
1499 6 3
1500 0 1
1500 1 3
1500 6 1
1501 0 1
1501 1 4
1501 6 4
1501 9 3
1502 0 0
1502 1 0
1502 7 0
1503 0 1
1503 1 1
1503 6 3
1504 0 2
1504 1 0
1505 0 0
1505 1 0
1505 2 0
1505 7 0
1506 0 0
1506 1 0
1507 0 0
1507 1 0
1508 0 4
1508 1 2
1508 6 2
1508 7 3
1509 0 2
1509 1 0
1509 6 2
1510 0 3
1510 1 2
1510 2 3
1510 6 2
1511 0 4
1511 1 4
1511 6 4
1512 0 1
1512 1 1
1512 3 1
1512 4 3
1513 0 3
1513 1 0
1513 7 1
1514 0 2
1514 1 3
1514 6 0
1514 7 3
1515 0 2
1515 1 4
1515 6 2
1516 0 0
1516 1 0
1516 3 1
1517 0 2
1517 1 3
1517 2 3
1517 7 2
1518 0 1
1518 1 3
1518 3 2
1519 0 0
1519 1 0
1520 0 0
1520 1 0
1521 0 2
1521 1 4
1522 0 1
1522 1 1
1523 0 0
1523 1 0
1523 5 0
1523 6 1
1524 0 2
1524 1 2
1524 7 4
1525 0 1
1525 1 0
1525 3 0
1525 4 1
1525 5 2
1525 6 1
1526 0 1
1526 1 0
1526 6 1
1527 0 0
1527 1 0
1528 0 2
1528 1 0
1528 3 0
1529 0 1
1529 1 0
1530 0 1
1530 1 0
1530 3 3
1531 0 1
1531 1 0
1531 5 2
1532 0 0
1532 1 0
1533 0 2
1533 1 2
1533 3 2
1533 6 0
1534 0 3
1534 1 2
1534 6 1
1534 7 2
1535 0 0
1535 1 0
1535 6 1
1536 0 4
1536 1 4
1537 0 0
1537 1 0
1537 6 1
1538 0 2
1538 1 1
1539 0 2
1539 1 1
1540 0 1
1540 1 0
1540 3 1
1541 0 1
1541 1 0
1542 0 3
1542 1 1
1542 6 1
1543 0 4
1543 1 4
1543 3 4
1543 7 4
1544 0 0
1544 1 0
1545 0 2
1545 1 2
1546 0 0
1546 1 0
1547 0 0
1547 1 0
1547 3 0
1547 6 1
1548 0 4
1548 1 4
1549 0 0
1549 1 0
1549 2 2
1550 0 4
1550 1 4
1550 3 4
1551 0 0
1551 1 0
1551 3 0
1551 6 1
1552 0 0
1552 1 1
1553 0 0
1553 1 0
1553 3 0
1553 6 1
1553 9 2
1554 0 1
1554 1 0
1555 0 1
1555 1 2
1555 3 3
1555 7 3
1556 0 4
1556 1 2
1557 0 0
1557 1 2
1558 0 2
1558 1 1
1558 6 1
1559 0 0
1559 1 0
1559 4 0
1560 0 0
1560 1 0
1561 0 1
1561 1 0
1562 0 1
1562 1 2
1563 0 2
1563 1 0
1564 0 1
1564 1 2
1564 6 2
1565 0 2
1565 1 0
1566 0 4
1566 1 4
1566 6 1
1567 0 1
1567 1 0
1568 0 1
1568 1 0
1569 0 1
1569 1 0
1570 0 1
1570 1 0
1570 7 1
1571 0 1
1571 1 0
1571 6 1
1571 7 4
1572 0 4
1572 1 4
1572 2 4
1573 0 2
1573 1 2
1573 6 1
1574 0 1
1574 1 0
1575 0 0
1575 1 3
1576 0 1
1576 1 0
1577 0 1
1577 1 0
1578 0 1
1578 1 0
1578 3 1
1578 7 2
1579 0 2
1579 1 0
1579 3 0
1579 6 2
1579 7 2
1580 0 1
1580 1 1
1580 8 1
1581 0 4
1581 1 4
1582 0 1
1582 1 0
1583 0 1
1583 1 3
1584 0 0
1584 1 0
1584 9 0
1585 0 1
1585 1 0
1585 3 1
1585 6 1
1586 0 2
1586 1 2
1586 6 1
1587 0 1
1587 1 0
1587 3 1
1588 0 1
1588 1 0
1589 0 0
1589 1 0
1589 2 1
1590 0 3
1590 1 2
1590 7 3
1591 0 4
1591 1 4
1591 2 3
1591 6 4
1592 0 1
1592 1 0
1592 6 1
1593 0 1
1593 1 0
1593 6 1
1594 0 2
1594 1 3
1594 6 2
1595 0 0
1595 1 0
1595 4 1
1596 0 2
1596 1 2
1596 3 2
1596 6 1
1597 0 1
1597 1 0
1597 2 2
1597 6 2
1598 0 0
1598 1 0
1598 5 0
1598 6 0
1599 0 1
1599 1 0
1599 7 1
1600 0 1
1600 1 0
1600 6 1
1601 0 4
1601 1 4
1602 0 2
1602 1 2
1602 6 1
1603 0 0
1603 1 2
1604 0 2
1604 1 0
1604 4 2
1605 0 1
1605 1 4
1606 0 3
1606 1 4
1606 7 2
1607 0 4
1607 1 4
1607 7 4
1608 0 3
1608 1 3
1608 3 4
1609 0 2
1609 1 2
1609 6 3
1610 0 2
1610 1 0
1610 3 0
1611 0 3
1611 1 4
1611 3 4
1612 0 1
1612 1 0
1612 6 1
1613 0 3
1613 1 3
1614 0 1
1614 1 2
1614 3 1
1614 6 1
1615 0 1
1615 1 1
1615 6 2
1616 0 1
1616 1 0
1616 8 1
1617 0 1
1617 1 0
1617 2 2
1618 0 2
1618 1 0
1619 0 4
1619 1 4
1619 3 4
1619 7 4
1620 0 1
1620 1 0
1620 8 1
1621 0 1
1621 1 0
1621 3 1
1621 6 1
1622 0 1
1622 1 0
1623 0 0
1623 1 0
1624 0 1
1624 1 0
1624 6 3
1625 0 4
1625 1 1
1625 6 3
1626 0 0
1626 1 0
1626 6 0
1627 0 1
1627 1 3
1627 6 2
1628 0 1
1628 1 0
1628 7 0
1629 0 0
1629 1 3
1629 4 2
1630 0 4
1630 1 3
1630 6 4
1631 0 4
1631 1 3
1631 6 3
1632 0 2
1632 1 3
1632 3 4
1633 0 3
1633 1 1
1634 0 1
1634 1 0
1634 3 1
1634 6 2
1635 0 2
1635 1 0
1636 0 0
1636 1 0
1636 5 3
1636 6 1
1637 0 1
1637 1 2
1637 4 4
1638 0 2
1638 1 4
1638 3 4
1638 5 4
1639 0 4
1639 1 4
1639 6 4
1639 7 1
1640 0 2
1640 1 0
1640 3 2
1640 8 1
1641 0 2
1641 1 4
1641 3 2
1641 6 2
1642 0 1
1642 1 0
1642 6 1
1642 8 2
1643 0 1
1643 1 1
1643 6 1
1644 0 1
1644 1 0
1645 0 0
1645 1 1
1645 7 0
1646 0 1
1646 1 3
1646 6 3
1646 7 2
1647 0 3
1647 1 4
1648 0 4
1648 1 2
1649 0 1
1649 1 0
1649 6 1
1650 0 0
1650 1 0
1650 2 0
1650 6 1
1651 0 2
1651 1 1
1651 6 2
1651 7 3
1652 0 1
1652 1 1
1653 0 1
1653 1 0
1653 6 2
1654 0 0
1654 1 0
1654 6 0
1655 0 2
1655 1 3
1655 5 3
1655 6 2
1656 0 1
1656 1 3
1657 0 0
1657 1 0
1657 3 0
1657 6 1
1658 0 2
1658 1 1
1659 0 4
1659 1 3
1659 6 4
1660 0 2
1660 1 0
1660 3 2
1661 0 1
1661 1 1
1662 0 2
1662 1 2
1662 6 1
1663 0 4
1663 1 2
1663 3 4
1664 0 1
1664 1 1
1665 0 1
1665 1 0
1666 0 0
1666 1 0
1666 9 2
1667 0 0
1667 1 0
1667 6 0
1668 0 1
1668 1 0
1669 0 1
1669 1 1
1670 0 4
1670 1 4
1670 6 4
1671 0 2
1671 1 3
1671 6 2
1672 0 0
1672 1 1
1673 0 0
1673 1 0
1673 3 2
1673 4 0
1674 0 1
1674 1 0
1674 6 1
1675 0 1
1675 1 1
1676 0 1
1676 1 0
1676 3 2
1676 6 1
1677 0 0
1677 1 0
1677 6 1
1678 0 3
1678 1 1
1679 0 0
1679 1 0
1679 6 0
1680 0 0
1680 1 0
1681 0 1
1681 1 0
1682 0 0
1682 1 0
1683 0 3
1683 1 2
1684 0 4
1684 1 4
1684 3 3
1685 0 1
1685 1 0
1685 3 2
1686 0 1
1686 1 0
1686 6 1
1687 0 1
1687 1 3
1687 6 2
1688 0 0
1688 1 0
1688 8 1
1689 0 1
1689 1 0
1690 0 3
1690 1 3
1691 0 3
1691 1 4
1691 3 4
1692 0 3
1692 1 4
1692 2 2
1692 6 2
1693 0 1
1693 1 0
1693 6 0
1694 0 1
1694 1 0
1694 6 1
1695 0 0
1695 1 0
1695 4 1
1695 6 0
1695 7 0
1696 0 1
1696 1 4
1697 0 1
1697 1 0
1698 0 0
1698 1 0
1699 0 0
1699 1 0
1699 3 0
1699 6 1
1699 9 1
1700 0 1
1700 1 0
1701 0 2
1701 1 3
1701 7 3
1702 0 2
1702 1 2
1702 6 1
1703 0 4
1703 1 3
1704 0 4
1704 1 4
1705 0 0
1705 1 0
1705 6 0
1706 0 2
1706 1 1
1707 0 0
1707 1 1
1708 0 2
1708 1 0
1709 0 1
1709 1 0
1710 0 1
1710 1 1
1711 0 4
1711 1 0
1712 0 1
1712 1 3
1713 0 1
1713 1 1
1713 6 1
1714 0 0
1714 1 1
1714 7 0
1715 0 1
1715 1 0
1716 0 2
1716 1 0
1716 4 4
1716 6 1
1717 0 2
1717 1 4
1717 6 2
1718 0 3
1718 1 3
1718 6 3
1719 0 1
1719 1 1
1720 0 4
1720 1 4
1721 0 0
1721 1 0
1721 3 0
1721 6 1
1722 0 1
1722 1 0
1723 0 0
1723 1 0
1724 0 4
1724 1 1
1725 0 1
1725 1 0
1725 9 1
1726 0 1
1726 1 1
1727 0 0
1727 1 0
1727 6 1
1728 0 1
1728 1 1
1728 6 1
1729 0 0
1729 1 0
1730 0 4
1730 1 1
1730 5 4
1730 6 4
1731 0 0
1731 1 3
1731 2 1
1731 5 2
1731 6 1
1732 0 3
1732 1 3
1732 6 0
1733 0 1
1733 1 3
1733 3 2
1733 4 3
1733 6 2
1734 0 0
1734 1 0
1734 6 0
1735 0 1
1735 1 0
1735 2 2
1735 6 0
1736 0 0
1736 1 0
1737 0 0
1737 1 0
1738 0 0
1738 1 0
1738 6 1
1739 0 0
1739 1 0
1739 6 0
1740 0 2
1740 1 0
1741 0 4
1741 1 2
1742 0 3
1742 1 3
1742 6 3
1743 0 0
1743 1 0
1743 2 1
1743 6 1
1744 0 2
1744 1 4
1744 6 1
1744 7 0
1745 0 1
1745 1 4
1746 0 1
1746 1 0
1746 6 1
1746 7 0
1747 0 4
1747 1 4
1747 6 3
1748 0 1
1748 1 0
1748 4 0
1749 0 1
1749 1 1
1749 6 2
1750 0 2
1750 1 0
1750 7 3
1751 0 1
1751 1 0
1751 3 1
1752 0 1
1752 1 0
1752 6 1
1753 0 4
1753 1 4
1753 2 4
1753 3 4
1753 5 4
1753 6 4
1753 7 4
1754 0 1
1754 1 3
1754 6 1
1755 0 0
1755 1 0
1756 0 2
1756 1 1
1756 3 2
1757 0 3
1757 1 1
1757 6 2
1758 0 1
1758 1 1
1758 4 1
1759 0 1
1759 1 0
1759 6 1
1760 0 1
1760 1 0
1761 0 1
1761 1 0
1762 0 1
1762 1 0
1763 0 2
1763 1 4
1764 0 1
1764 1 0
1765 0 1
1765 1 0
1766 0 4
1766 1 4
1766 3 4
1767 0 4
1767 1 4
1767 5 4
1768 0 4
1768 1 4
1769 0 4
1769 1 4
1769 6 4
1770 0 4
1770 1 4
1771 0 4
1771 1 4
1771 3 4
1772 0 1
1772 1 1
1773 0 1
1773 1 1
1773 5 1
1773 6 1
1774 0 2
1774 1 4
1774 2 4
1774 6 4
1775 0 1
1775 1 0
1775 3 1
1776 0 2
1776 1 4
1776 3 2
1776 7 2
1777 0 2
1777 1 4
1778 0 4
1778 1 4
1778 6 4
1779 0 4
1779 1 4
1779 3 4
1779 5 4
1780 0 4
1780 1 3
1781 0 0
1781 1 0
1781 2 2
1781 3 0
1781 7 0
1782 0 1
1782 1 3
1782 6 4
1783 0 0
1783 1 0
1783 5 0
1784 0 1
1784 1 0
1784 6 1
1785 0 1
1785 1 1
1786 0 1
1786 1 0
1786 3 0
1787 0 3
1787 1 4
1787 3 4
1787 6 2
1788 0 0
1788 1 0
1789 0 0
1789 1 0
1790 0 0
1790 1 3
1791 0 1
1791 1 0
1791 6 1
1792 0 0
1792 1 2
1792 6 1
1793 0 2
1793 1 1
1794 0 4
1794 1 4
1794 3 4
1794 6 4
1795 0 4
1795 1 4
1795 2 3
1795 8 4
1796 0 1
1796 1 0
1796 6 1
1797 0 2
1797 1 1
1798 0 1
1798 1 0
1799 0 3
1799 1 3
1799 3 3
1800 0 3
1800 1 3
1800 5 4
1800 7 2
1800 9 3
1801 0 0
1801 1 0
1801 6 1
1802 0 1
1802 1 0
1802 3 0
1802 4 1
1802 5 2
1803 0 2
1803 1 0
1803 8 1
1804 0 0
1804 1 0
1804 3 0
1805 0 0
1805 1 2
1806 0 4
1806 1 3
1807 0 3
1807 1 3
1807 3 3
1807 6 3
1808 0 4
1808 1 4
1808 6 3
1809 0 4
1809 1 4
1809 2 4
1809 6 4
1810 0 2
1810 1 2
1810 6 2
1811 0 1
1811 1 0
1811 6 1
1812 0 4
1812 1 4
1812 3 4
1812 6 3
1813 0 1
1813 1 0
1813 3 2
1813 6 1
1814 0 0
1814 1 2
1814 2 0
1814 7 0
1815 0 4
1815 1 4
1815 3 4
1816 0 2
1816 1 0
1816 6 1
1817 0 0
1817 1 0
1818 0 2
1818 1 3
1818 3 3
1818 6 4
1819 0 4
1819 1 4
1819 4 4
1819 5 3
1819 6 4
1819 7 4
1820 0 1
1820 1 0
1820 6 2
1821 0 0
1821 1 0
1821 2 3
1821 3 0
1821 6 1
1821 9 1
1822 0 4
1822 1 4
1822 6 0
1823 0 1
1823 1 0
1823 6 0
1824 0 4
1824 1 4
1825 0 1
1825 1 0
1825 3 0
1826 0 1
1826 1 2
1826 6 2
1827 0 2
1827 1 0
1827 2 2
1828 0 1
1828 1 0
1829 0 3
1829 1 2
1829 2 4
1829 6 3
1829 8 1
1830 0 3
1830 1 3
1830 9 3
1831 0 1
1831 1 1
1832 0 3
1832 1 2
1832 6 2
1833 0 1
1833 1 3
1833 6 2
1834 0 1
1834 1 0
1835 0 4
1835 1 4
1835 4 4
1835 5 4
1836 0 2
1836 1 0
1836 3 2
1836 6 1
1837 0 3
1837 1 0
1838 0 3
1838 1 3
1839 0 0
1839 1 3
1840 0 1
1840 1 1
1840 6 2
1841 0 0
1841 1 0
1841 6 0
1842 0 2
1842 1 2
1842 3 4
1843 0 0
1843 1 0
1844 0 0
1844 1 0
1845 0 1
1845 1 2
1845 3 2
1846 0 1
1846 1 1
1846 2 3
1846 6 2
1846 7 2
1847 0 1
1847 1 2
1847 6 2
1848 0 2
1848 1 2
1848 2 3
1848 3 3
1848 6 1
1849 0 1
1849 1 1
1850 0 1
1850 1 0
1850 3 0
1851 0 4
1851 1 4
1851 5 4
1852 0 2
1852 1 0
1853 0 2
1853 1 0
1853 7 0
1854 0 0
1854 1 0
1854 5 1
1855 0 3
1855 1 4
1855 6 3
1856 0 1
1856 1 0
1856 4 2
1857 0 1
1857 1 0
1858 0 0
1858 1 0
1859 0 0
1859 1 0
1859 6 1
1859 7 0
1860 0 4
1860 1 4
1860 3 4
1861 0 4
1861 1 3
1862 0 0
1862 1 0
1862 3 0
1862 6 1
1863 0 0
1863 1 2
1864 0 1
1864 1 0
1865 0 0
1865 1 0
1865 6 1
1866 0 0
1866 1 2
1866 5 2
1867 0 4
1867 1 4
1867 6 4
1868 0 4
1868 1 4
1869 0 2
1869 1 2
1870 0 0
1870 1 0
1870 6 3
1871 0 1
1871 1 1
1871 6 2
1871 7 0
1872 0 1
1872 1 1
1873 0 0
1873 1 1
1873 6 1
1874 0 3
1874 1 2
1874 3 2
1874 7 3
1875 0 3
1875 1 3
1875 3 3
1876 0 0
1876 1 0
1876 6 0
1876 7 0
1877 0 2
1877 1 3
1878 0 0
1878 1 0
1878 4 1
1878 6 0
1879 0 2
1879 1 2
1879 7 4
1880 0 2
1880 1 1
1880 2 4
1880 4 4
1881 0 2
1881 1 0
1881 3 2
1882 0 0
1882 1 0
1883 0 0
1883 1 0
1883 6 1
1884 0 4
1884 1 1
1884 5 3
1885 0 3
1885 1 3
1885 6 3
1886 0 2
1886 1 4
1886 3 4
1886 6 3
1887 0 0
1887 1 0
1887 6 2
1888 0 4
1888 1 4
1888 3 4
1889 0 4
1889 1 4
1890 0 4
1890 1 4
1891 0 4
1891 1 4
1892 0 4
1892 1 4
1892 6 4
1893 0 4
1893 1 4
1893 3 4
1893 4 4
1893 5 4
1893 6 4
1894 0 4
1894 1 4
1894 6 4
1895 0 4
1895 1 4
1896 0 4
1896 1 3
1896 3 4
1897 0 4
1897 1 4
1898 0 4
1898 1 4
1899 0 4
1899 1 4
1899 6 4
1900 0 4
1900 1 4
1900 6 4
1901 0 4
1901 1 4
1901 2 4
1901 8 4
1901 9 4
1902 0 4
1902 1 1
1902 3 3
1902 6 2
1903 0 4
1903 1 4
1904 0 4
1904 1 4
1904 8 2
1905 0 4
1905 1 4
1905 3 4
1906 0 4
1906 1 4
1907 0 3
1907 1 4
1908 0 4
1908 1 4
1908 3 3
1909 0 4
1909 1 4
1910 0 1
1910 1 4
1911 0 4
1911 1 4
1911 5 4
1912 0 4
1912 1 4
1913 0 4
1913 1 4
1914 0 4
1914 6 3
1915 0 4
1915 1 4
1915 3 4
1916 0 2
1916 1 4
1916 6 3
1917 0 4
1917 1 4
1917 6 4
1918 0 4
1918 1 4
1918 5 4
1918 6 4
1919 0 4
1919 1 4
1919 6 4
1920 0 4
1920 1 4
1921 0 2
1921 1 4
1922 0 4
1922 1 4
1922 6 4
1923 0 4
1923 1 4
1923 2 4
1923 8 3
1923 9 4
1924 0 4
1924 1 2
1924 3 4
1924 6 4
1925 0 4
1925 1 3
1926 0 4
1926 1 4
1927 0 4
1927 1 4
1927 2 4
1928 0 4
1928 1 4
1929 0 2
1929 1 1
1930 0 4
1930 1 0
1930 6 1
1931 0 4
1931 1 4
1932 0 4
1932 1 4
1933 0 4
1933 1 0
1933 6 4
1934 0 4
1934 1 3
1934 3 4
1935 0 4
1935 1 4
1936 0 4
1936 1 4
1937 0 4
1937 1 4
1937 4 3
1938 0 4
1938 1 4
1938 2 4
1939 0 4
1939 1 4
1939 3 4
1939 7 4
1940 0 4
1940 1 4
1941 0 4
1941 1 4
1941 5 4
1941 8 4
1942 0 4
1942 1 4
1942 2 4
1942 6 3
1942 7 2
1943 0 4
1943 1 4
1944 0 4
1944 1 4
1944 5 4
1944 6 4
1945 0 3
1945 1 4
1946 0 0
1946 1 0
1946 6 1
1947 0 2
1947 1 4
1948 0 4
1948 1 0
1948 6 4
1949 0 3
1949 1 4
1949 6 2
1950 0 4
1950 1 4
1950 6 3
1951 0 3
1951 1 4
1951 3 4
1952 0 4
1952 1 4
1952 6 4
1953 0 4
1953 1 4
1953 6 4
1954 0 4
1954 1 4
1954 6 3
1955 0 4
1955 1 4
1955 3 3
1955 6 4
1956 0 4
1956 1 3
1956 5 3
1956 6 4
1956 9 3
1957 0 4
1957 1 4
1957 6 4
1958 0 4
1958 1 4
1958 6 2
1958 7 3
1959 0 4
1959 1 4
1959 6 3
1960 0 4
1960 1 4
1961 0 2
1961 1 4
1962 0 4
1962 1 4
1963 0 4
1963 1 4
1963 5 4
1964 0 4
1964 1 0
1964 2 4
1964 6 4
1965 0 4
1965 1 0
1966 0 3
1966 1 4
1967 0 2
1967 1 4
1968 0 4
1968 1 4
1968 3 4
1969 0 1
1969 1 4
1970 0 4
1970 1 4
1971 0 4
1971 1 3
1971 6 4
1972 0 2
1972 1 3
1973 0 3
1973 1 2
1973 6 3
1974 0 4
1974 1 1
1975 0 4
1975 1 2
1975 3 2
1975 6 3
1976 0 4
1976 1 4
1976 6 4
1977 0 4
1977 1 3
1977 2 4
1978 0 4
1978 1 3
1978 6 3
1979 0 0
1979 1 4
1979 3 4
1980 0 4
1980 1 4
1980 5 4
1980 6 4
1981 0 4
1981 1 4
1982 0 4
1982 1 4
1982 3 4
1983 0 4
1983 1 4
1983 6 4
1983 7 4
1984 0 4
1984 1 4
1985 0 4
1985 1 4
1985 3 4
1986 0 4
1986 1 4
1986 6 3
1987 0 4
1987 1 4
1987 5 4
1988 0 3
1988 1 4
1988 3 4
1988 6 2
1988 7 3
1989 0 3
1989 1 4
1989 3 4
1990 0 4
1990 1 4
1991 0 4
1991 1 4
1991 3 4
1991 5 4
1991 6 4
1992 0 4
1992 1 4
1992 3 4
1992 6 3
1993 0 4
1993 1 4
1994 0 4
1994 1 3
1995 0 4
1995 1 0
1996 0 4
1996 1 4
1997 0 3
1997 1 4
1997 3 4
1997 6 4
1998 0 4
1998 1 4
1998 5 4
1999 0 4
1999 1 4
1999 6 3
1999 7 4
2000 0 2
2000 1 4
2000 5 3
2000 6 4
2001 0 0
2001 1 4
2002 0 1
2002 1 4
2003 0 4
2003 1 4
2003 3 4
2003 6 3
2004 0 4
2004 1 4
2004 3 4
2005 0 4
2005 1 4
2006 0 4
2006 1 4
2006 3 4
2006 6 4
2007 0 2
2007 1 3
2007 5 4
2008 0 4
2008 1 4
2008 6 4
2009 0 4
2009 1 4
2010 0 3
2010 1 2
2010 5 2
2010 6 3
2011 0 2
2011 1 2
2011 3 3
2012 0 4
2012 1 4
2013 0 4
2013 1 4
2013 4 4
2013 6 4
2014 0 4
2014 1 3
2015 0 4
2015 1 4
2015 3 4
2015 4 4
2016 0 3
2016 1 4
2016 3 3
2017 0 4
2017 1 4
2017 2 4
2017 3 4
2018 0 2
2018 1 0
2018 7 3
2019 0 3
2019 1 4
2019 6 1
2020 0 4
2020 1 4
2020 6 4
2021 0 3
2021 1 4
2021 7 4
2022 0 2
2022 1 3
2022 3 3
2022 6 2
2023 0 4
2023 1 4
2023 3 0
2023 6 4
2024 0 4
2024 1 3
2024 3 2
2024 7 3
2025 0 4
2025 1 4
2025 6 2
2026 0 4
2026 1 4
2027 0 3
2027 1 4
2028 0 4
2028 1 4
2028 3 4
2029 0 4
2029 1 3
2030 0 1
2030 1 4
2030 6 3
2031 0 4
2031 1 4
2032 0 4
2032 1 4
2032 6 3
2032 7 4
2033 0 0
2033 1 0
2033 6 1
2034 0 4
2034 1 4
2035 0 4
2035 1 4
2036 0 4
2036 1 4
2036 3 4
2036 6 2
2037 0 4
2037 1 4
2037 3 4
2037 6 4
2038 0 3
2039 0 4
2039 1 4
2039 6 4
2040 0 2
2040 1 4
2041 0 0
2041 1 4
2041 5 1
2042 0 2
2042 1 3
2043 0 4
2043 1 4
2043 3 3
2043 6 2
2044 0 4
2044 1 4
2045 0 4
2045 1 4
2045 3 4
2045 5 4
2045 6 4
2046 0 4
2046 1 4
2047 0 2
2047 1 4
2048 0 4
2048 1 4
2048 6 4
2048 7 3
2049 0 4
2049 1 4
2050 0 4
2050 1 4
2050 6 2
2051 0 1
2051 1 0
2051 5 4
2052 0 4
2052 1 4
2052 6 4
2053 0 4
2053 1 3
2053 2 4
2053 8 3
2054 0 4
2054 1 3
2055 0 4
2055 1 4
2056 0 1
2056 1 4
2056 3 4
2056 5 4
2056 6 1
2057 0 4
2057 1 4
2057 6 1
2058 0 4
2058 1 4
2059 0 4
2059 1 4
2059 6 3
2060 0 2
2060 1 4
2060 2 4
2061 0 4
2061 1 4
2061 6 4
2061 7 4
2062 0 4
2062 1 4
2062 2 4
2063 0 2
2063 1 3
2063 3 2
2064 0 4
2064 1 4
2065 0 4
2065 1 4
2065 3 1
2066 0 4
2066 1 3
2066 2 2
2067 0 4
2067 1 3
2067 6 3
2068 0 4
2068 1 4
2068 7 4
2069 0 4
2069 1 0
2069 3 1
2069 6 1
2070 0 4
2070 1 4
2071 0 4
2071 1 4
2072 0 2
2072 1 0
2072 5 0
2072 9 3
2073 0 4
2073 1 4
2073 6 4
2074 0 4
2074 1 4
2075 0 1
2075 1 4
2075 7 1
2076 0 4
2076 1 4
2076 3 4
2077 0 4
2077 1 4
2077 3 3
2077 5 4
2078 0 4
2078 1 4
2078 3 4
2078 6 4
2079 0 2
2079 1 4
2080 0 3
2080 1 4
2080 3 4
2081 0 3
2081 1 4
2081 2 4
2082 0 4
2082 1 4
2082 2 4
2082 6 4
2083 0 4
2083 1 4
2083 6 3
2084 0 4
2084 1 4
2084 5 4
2084 6 4
2085 0 1
2085 1 3
2086 0 2
2086 1 4
2086 6 0
2087 0 4
2087 1 4
2087 2 4
2087 5 4
2088 0 4
2088 1 4
2089 0 4
2089 1 4
2089 7 4
2090 0 1
2090 1 0
2090 2 1
2090 3 3
2091 0 3
2091 1 4
2091 6 2
2092 0 4
2092 1 4
2093 0 4
2093 1 4
2093 5 4
2094 0 2
2094 1 2
2094 6 3
2095 0 4
2095 1 4
2095 8 3
2096 0 1
2096 1 4
2097 0 4
2097 1 4
2097 6 3
2098 0 4
2098 1 4
2098 4 4
2098 5 4
2099 0 4
2099 1 4
2100 0 4
2100 1 4
2101 0 2
2101 1 4
2101 6 3
2102 0 4
2102 1 4
2103 0 4
2103 1 4
2103 2 3
2103 6 3
2104 0 2
2104 1 3
2105 0 4
2105 1 2
2105 3 4
2105 6 3
2105 7 4
2106 0 3
2106 1 3
2106 5 4
2107 0 1
2107 1 4
2107 3 2
2107 6 4
2108 0 3
2108 1 4
2109 0 4
2109 1 4
2109 3 3
2110 0 4
2110 1 3
2111 0 4
2111 1 4
2112 0 1
2112 1 4
2112 3 1
2112 6 1
2113 0 4
2113 1 4
2113 6 4
2114 0 4
2114 1 4
2114 3 0
2114 7 0
2115 0 4
2115 1 4
2116 0 4
2116 1 4
2117 0 1
2117 1 4
2117 6 2
2118 0 1
2118 1 4
2119 0 4
2119 1 1
2119 6 4
2120 0 4
2120 1 4
2121 0 0
2121 6 2
2122 0 4
2122 1 4
2122 6 4
2123 0 4
2123 1 4
2124 0 3
2124 1 4
2124 6 3
2125 0 3
2125 1 4
2125 6 4
2126 0 4
2126 1 4
2127 0 4
2127 1 4
2127 3 4
2127 6 4
2128 0 4
2128 1 4
2129 0 4
2129 1 3
2129 6 4
2129 8 4
2130 0 4
2130 1 4
2131 0 4
2131 1 4
2131 4 4
2131 5 4
2132 0 4
2132 1 0
2133 0 4
2133 1 4
2134 0 4
2134 1 4
2134 3 4
2135 0 4
2135 1 4
2135 6 2
2136 0 4
2136 1 4
2136 3 4
2136 5 4
2137 0 4
2137 1 3
2138 0 4
2138 1 4
2139 0 4
2139 1 4
2140 0 4
2140 1 4
2141 0 4
2141 1 4
2141 3 4
2141 5 4
2142 0 4
2142 1 4
2142 6 4
2143 0 4
2143 1 4
2143 5 4
2143 6 4
2144 0 4
2144 1 4
2145 0 4
2145 1 3
2145 3 4
2145 9 2
2146 0 4
2146 1 4
2147 0 4
2148 0 4
2148 1 4
2148 4 3
2149 0 0
2149 1 0
2149 6 0
2150 0 4
2150 1 2
2151 0 4
2151 1 4
2151 2 4
2151 4 4
2151 6 4
2152 0 4
2152 1 4
2152 3 4
2152 6 3
2153 0 4
2153 1 4
2153 6 4
2154 0 2
2154 1 4
2155 0 4
2155 1 4
2155 4 4
2156 0 2
2156 1 0
2156 3 4
2157 0 4
2157 1 4
2157 8 2
2158 0 1
2158 1 2
2158 3 4
2158 7 3
2159 0 2
2159 1 4
2159 6 1
2160 0 0
2160 1 0
2161 0 3
2161 1 4
2162 0 4
2162 1 4
2162 6 4
2163 0 3
2163 1 4
2163 3 4
2163 7 4
2164 0 4
2164 1 4
2165 0 0
2165 1 3
2166 0 1
2166 1 4
2166 5 0
2167 0 4
2167 1 4
2167 4 4
2168 0 4
2168 1 4
2168 2 1
2169 0 2
2169 1 2
2170 0 2
2170 1 3
2170 6 2
2171 0 1
2171 1 0
2172 0 4
2172 1 4
2172 6 4
2173 0 4
2173 1 4
2174 0 4
2174 1 4
2174 2 4
2174 3 4
2174 6 4
2175 0 4
2175 1 4
2175 3 0
2176 0 3
2176 1 3
2176 7 4
2177 0 4
2177 1 4
2178 0 4
2178 1 4
2178 6 4
2179 0 4
2179 1 3
2179 3 4
2180 0 2
2180 1 4
2180 3 4
2181 0 0
2181 1 3
2181 6 4
2181 7 4
2182 0 4
2182 1 4
2183 0 0
2183 1 0
2183 2 2
2183 6 1
2184 0 4
2184 1 4
2185 0 1
2185 1 4
2185 2 2
2186 0 4
2186 1 4
2186 5 4
2187 0 4
2187 1 4
2187 6 2
2188 0 3
2188 1 4
2188 3 4
2189 0 2
2189 1 4
2190 0 4
2190 1 4
2190 6 2
2191 0 4
2191 1 4
2191 3 4
2192 0 4
2192 1 4
2192 3 4
2192 4 4
2193 0 4
2193 1 4
2194 0 4
2194 1 4
2195 0 4
2195 1 4
2195 3 4
2195 6 3
2196 0 4
2196 1 4
2196 4 4
2196 5 4
2196 6 4
2197 0 4
2197 1 4
2198 0 1
2198 1 0
2198 3 1
2199 0 4
2199 1 4
2199 4 4
2200 0 4
2200 1 4
2201 0 4
2201 1 4
2202 0 4
2202 1 0
2202 6 1
2203 0 4
2203 1 4
2203 3 4
2204 0 4
2204 1 4
2204 7 3
2204 9 4
2205 0 4
2205 1 4
2205 2 4
2205 5 4
2205 6 4
2205 7 3
2206 0 4
2206 1 4
2207 0 4
2207 1 4
2207 3 4
2207 5 4
2207 8 4
2208 0 4
2208 1 4
2208 2 3
2208 3 4
2208 5 4
2208 6 4
2209 0 4
2209 1 4
2209 6 4
2210 0 4
2210 1 4
2210 3 4
2210 6 4
2211 0 4
2211 1 4
2211 8 4
2212 0 4
2212 1 4
2212 6 4
2212 7 4
2213 0 4
2213 1 4
2214 0 4
2214 1 4
2215 0 4
2215 1 4
2216 0 4
2216 1 4
2217 0 2
2217 1 4
2217 3 4
2217 7 0
2218 0 4
2218 1 4
2219 0 4
2219 1 4
2219 5 4
2219 6 4
2220 0 4
2220 1 4
2220 2 3
2221 0 4
2221 1 4
2222 0 4
2222 1 4
2222 6 4
2223 0 2
2223 1 4
2223 6 4
2224 0 3
2224 1 4
2224 2 2
2225 0 4
2225 1 4
2226 0 1
2226 1 4
2226 3 4
2226 6 4
2227 0 4
2227 1 4
2227 6 2
2228 0 4
2228 1 4
2228 5 4
2228 6 4
2229 0 4
2229 1 4
2229 5 4
2230 0 1
2230 1 1
2231 0 4
2231 1 4
2231 6 3
2231 7 4
2232 0 1
2232 1 3
2232 3 0
2233 0 4
2233 1 4
2233 6 3
2234 0 4
2234 1 3
2235 0 2
2235 1 4
2235 3 3
2235 6 3
2236 0 1
2236 1 3
2237 0 3
2237 1 3
2237 2 4
2237 6 4
2238 0 4
2238 1 4
2238 7 4
2239 0 4
2239 1 4
2239 6 4
2239 7 4
2240 0 4
2240 1 4
2240 6 4
2240 9 4
2241 0 4
2241 1 4
2242 0 4
2242 1 4
2243 0 4
2243 1 4
2243 4 4
2243 7 4
2244 0 0
2244 6 3
2245 0 4
2245 1 4
2245 3 4
2245 6 2
2246 0 4
2246 1 4
2246 4 4
2246 6 4
2247 0 4
2247 1 4
2247 3 4
2248 0 4
2248 1 4
2248 3 4
2248 5 4
2248 6 2
2248 9 2
2249 0 1
2249 1 4
2250 0 4
2250 1 2
2250 3 4
2251 0 4
2251 1 1
2251 6 3
2252 0 4
2252 1 4
2253 0 2
2253 1 4
2253 6 3
2253 9 3
2254 0 0
2254 1 0
2254 6 0
2255 0 4
2255 1 4
2255 3 4
2255 6 4
2256 0 1
2256 1 4
2257 0 4
2257 1 4
2258 0 2
2258 1 4
2259 0 2
2259 1 4
2259 3 1
2260 0 4
2260 1 4
2260 3 2
2260 6 1
2261 0 4
2261 1 4
2262 0 0
2262 1 4
2262 6 4
2262 8 4
2263 0 4
2263 1 4
2264 0 4
2264 1 4
2264 3 4
2265 0 4
2265 1 4
2265 2 4
2266 0 4
2266 1 4
2266 6 2
2267 0 4
2267 1 4
2267 2 4
2267 6 4
2267 8 4
2268 0 4
2268 1 4
2268 5 4
2268 7 4
2269 0 4
2269 1 0
2269 6 2
2270 0 4
2270 1 4
2270 3 4
2270 6 4
2270 7 4
2270 8 3
2271 0 4
2271 1 3
2272 0 4
2272 1 4
2272 6 4
2273 0 4
2273 1 4
2273 6 4
2274 0 4
2274 1 4
2274 6 4
2275 0 4
2275 1 4
2275 6 3
2276 0 3
2276 1 0
2276 3 4
2277 0 3
2277 1 4
2277 6 4
2278 0 4
2278 1 4
2279 0 4
2279 1 4
2279 3 4
2279 6 4
2280 0 4
2280 1 4
2281 0 4
2281 1 4
2281 6 4
2282 0 4
2282 1 4
2282 6 4
2282 7 4
2283 0 4
2283 1 4
2283 2 4
2283 5 4
2284 0 3
2284 1 4
2284 6 4
2285 0 2
2285 1 4
2285 3 4
2286 0 4
2286 1 4
2287 0 4
2287 1 4
2287 6 4
2288 0 2
2288 1 1
2288 3 2
2289 0 4
2289 1 4
2289 3 4
2290 0 3
2290 1 4
2290 6 3
2291 0 4
2291 1 4
2291 3 4
2291 4 4
2292 0 4
2292 1 4
2292 6 4
2293 0 3
2293 1 3
2293 6 4
2294 0 3
2294 1 4
2294 5 2
2295 0 4
2295 1 3
2296 0 4
2296 1 0
2296 6 1
2297 0 4
2297 1 3
2297 5 1
2297 6 2
2298 0 4
2298 1 4
2298 3 4
2298 6 3
2299 0 4
2299 1 4
2299 7 4
2300 0 4
2300 1 4
2300 6 1
2301 0 4
2301 1 4
2301 6 1
2302 0 4
2302 1 4
2303 0 4
2303 1 4
2304 0 3
2304 1 4
2304 2 4
2304 3 2
2304 4 3
2305 0 4
2305 1 4
2306 0 4
2306 1 3
2306 3 3
2307 0 4
2307 1 4
2307 3 4
2307 6 4
2308 0 4
2308 1 4
2308 2 1
2308 3 4
2308 6 4
2309 0 4
2309 1 4
2310 0 2
2310 1 4
2310 6 4
2311 0 4
2311 1 4
2312 0 4
2312 1 4
2312 5 4
2313 0 1
2313 1 3
2313 3 2
2313 6 1
2314 0 2
2314 1 3
2314 6 2
2314 8 1
2314 9 2
2315 0 1
2315 1 4
2315 7 4
2316 0 2
2316 1 3
2316 3 3
2316 6 2
2316 7 2
2317 0 4
2317 1 4
2317 3 4
2317 6 4
2318 0 4
2318 1 4
2318 6 4
2319 0 4
2319 1 4
2320 0 3
2320 1 4
2321 0 0
2321 1 0
2321 6 1
2322 0 4
2322 1 4
2322 6 4
2323 0 4
2323 1 4
2323 5 4
2323 6 4
2324 0 2
2324 1 3
2324 6 3
2325 0 4
2325 1 4
2326 0 1
2326 1 4
2327 0 4
2327 1 4
2328 0 1
2328 1 2
2328 3 3
2329 0 4
2329 1 4
2329 6 3
2329 7 2
2330 0 4
2330 1 4
2330 5 4
2330 6 4
2331 0 0
2331 1 4
2331 6 0
2332 0 4
2332 1 4
2332 6 4
2333 0 4
2333 1 4
2333 3 4
2333 9 4
2334 0 1
2334 1 4
2334 6 3
2335 0 3
2335 1 4
2336 0 3
2336 1 4
2336 3 2
2337 0 2
2337 1 0
2337 3 1
2338 0 4
2338 1 4
2339 0 4
2339 1 4
2340 0 4
2340 1 4
2340 3 4
2341 0 4
2341 1 4
2341 5 4
2341 6 4
2341 8 4
2342 0 2
2342 1 3
2342 3 0
2343 0 4
2343 1 4
2344 0 2
2344 1 3
2344 6 3
2345 0 1
2345 1 3
2345 6 2
2346 0 4
2346 1 4
2347 0 3
2347 1 3
2347 5 3
2347 6 3
2348 0 4
2348 1 4
2348 2 0
2348 3 4
2349 0 4
2349 1 4
2350 0 4
2350 1 4
2350 6 4
2351 0 4
2351 1 4
2351 6 3
2352 0 4
2352 1 4
2353 0 4
2353 1 4
2354 0 2
2354 1 4
2354 6 2
2355 0 4
2355 1 4
2355 3 3
2355 6 3
2356 0 4
2356 1 3
2356 6 2
2357 0 3
2357 1 4
2357 5 4
2358 0 1
2358 1 3
2358 2 1
2358 6 2
2358 9 1
2359 0 3
2359 1 4
